S.N.,Open,High,Low,Close,Change,Per Change (%),Turnover,Date
1,"2,772.23","2,805.57","2,742.53","2,755.62",-5.29,-0.19,"21,713,431,007.73",8/1/2024
2,"2,708.24","2,791.02","2,707.57","2,760.90",64.25,2.38,"21,911,503,161.05",7/31/2024
3,"2,669.41","2,709.89","2,609.02","2,696.65",35.55,1.33,"17,266,391,542.96",7/30/2024
1,"2,706.73","2,737.68","2,655.15","2,661.09",-20.46,-0.76,"19,609,177,106.29",7/29/2024
2,"2,606.42","2,708.58","2,606.40","2,681.56",113.42,4.41,"15,810,596,235.45",7/28/2024
3,"2,540.14","2,572.88","2,518.47","2,568.11",32,1.26,"14,137,899,049.28",7/25/2024
4,"2,573.28","2,600.41","2,513.43","2,536.11",-27.32,-1.06,"16,208,577,314.52",7/24/2024
5,"2,493.92","2,563.45","2,469.56","2,563.43",75.33,3.02,"14,116,330,995.75",7/23/2024
6,"2,491.17","2,504.53","2,441.56","2,488.09",2.15,0.08,"13,915,535,440.97",7/22/2024
7,"2,431.55","2,494.71","2,408.25","2,485.94",61.61,2.54,"15,238,271,290.97",7/21/2024
8,"2,373.57","2,459.94","2,355.59","2,424.32",59.68,2.52,"15,548,684,746.66",7/18/2024
9,"2,323.71","2,364.76","2,311.93","2,364.63",54.04,2.33,"12,059,266,113.47",7/17/2024
10,"2,243.11","2,310.84","2,231.83","2,310.59",70.18,3.13,"9,138,629,642.41",7/16/2024
11,"2,277.85","2,287.15","2,231.69","2,240.41",-17.18,-0.76,"8,731,436,037.14",7/15/2024
12,"2,239.41","2,290.95","2,230.50","2,257.59",52.97,2.4,"7,620,498,520.87",7/14/2024
13,"2,188.63","2,205.15","2,185.02","2,204.61",29.21,1.34,"7,080,698,146.05",7/11/2024
14,"2,162.82","2,176.48","2,162.13","2,175.40",23.25,1.08,"5,744,083,391.51",7/10/2024
15,"2,138.61","2,152.14","2,130.07","2,152.14",15.79,0.73,"5,535,958,885.30",7/9/2024
16,"2,143.95","2,149.17","2,128.79","2,136.35",-4.62,-0.21,"4,569,836,106.00",7/8/2024
17,"2,121.99","2,146.81","2,121.99","2,140.97",21.27,1,"6,002,931,854.70",7/7/2024
18,"2,107.77","2,129.08","2,106.04","2,119.70",15.46,0.73,"6,482,546,980.63",7/4/2024
19,"2,101.83","2,104.22","2,077.45","2,104.22",3.79,0.18,"5,083,528,935.17",7/3/2024
20,"2,085.82","2,162.49","2,085.82","2,100.43",47.04,2.29,"4,576,831,720.09",7/2/2024
21,"2,038.70","2,053.38","2,030.50","2,053.38",16.29,0.8,"2,999,964,256.53",7/1/2024
22,"2,051.77","2,059.28","2,034.81","2,037.09",-14.83,-0.72,"3,607,198,407.65",6/30/2024
23,"2,059.60","2,059.74","2,047.02","2,051.92",-8.24,-0.4,"3,715,903,824.53",6/27/2024
24,"2,075.77","2,077.11","2,055.62","2,060.16",-11.6,-0.56,"4,058,047,734.22",6/26/2024
25,"2,067.31","2,077.22","2,067.31","2,071.77",5.6,0.27,"4,187,796,833.89",6/25/2024
26,"2,063.10","2,079.19","2,059.15","2,066.16",3.21,0.15,"5,077,255,116.14",6/24/2024
27,"2,068.71","2,079.15","2,057.43","2,062.94",-5.37,-0.25,"4,374,597,458.64",6/23/2024
28,"2,095.13","2,095.13","2,063.99","2,068.31",-10.44,-0.5,"3,870,744,903.34",6/20/2024
29,"2,077.74","2,086.65","2,073.43","2,078.76",2.27,0.1,"3,404,372,632.64",6/19/2024
30,"2,098.59","2,098.59","2,073.98","2,076.49",-18.76,-0.89,"4,055,737,884.32",6/18/2024
31,"2,116.03","2,116.03","2,090.32","2,095.25",-17.04,-0.8,"5,472,253,551.85",6/16/2024
32,"2,125.31","2,126.61","2,106.65","2,112.29",-9.32,-0.43,"6,443,029,208.11",6/13/2024
33,"2,117.06","2,133.73","2,116.40","2,121.62",6.37,0.3,"5,894,089,245.13",6/12/2024
34,"2,099.77","2,115.24","2,087.16","2,115.24",33.15,1.59,"5,555,361,739.06",6/11/2024
35,"2,088.14","2,088.77","2,072.33","2,082.09",8.9,0.42,"5,490,609,782.28",6/10/2024
36,"2,093.71","2,093.71","2,069.01","2,073.19",-4.59,-0.22,"5,189,079,522.43",6/9/2024
37,"2,080.55","2,088.61","2,073.58","2,077.78",-1.93,-0.09,"4,388,278,720.37",6/6/2024
38,"2,087.73","2,091.47","2,072.47","2,079.71",-5.58,-0.26,"3,992,976,492.79",6/5/2024
39,"2,086.91","2,092.28","2,078.19","2,085.30",6.22,0.29,"4,084,715,877.40",6/4/2024
40,"2,087.80","2,095.67","2,073.29","2,079.07",-3.97,-0.19,"4,004,070,243.60",6/3/2024
41,"2,072.97","2,085.87","2,068.19","2,083.04",13.51,0.65,"4,311,015,629.95",6/2/2024
42,"2,091.02","2,099.87","2,065.68","2,069.53",-19.89,-0.95,"4,217,494,195.64",5/30/2024
43,"2,133.72","2,152.85","2,086.73","2,089.42",-23.81,-1.12,"4,575,063,274.38",5/29/2024
44,"2,111.67","2,124.31","2,097.07","2,113.27",3.93,0.18,"3,893,764,143.93",5/27/2024
45,"2,135.22","2,141.25","2,106.44","2,109.34",-22.14,-1.03,"4,441,538,471.69",5/26/2024
46,"2,116.71","2,140.02","2,109.24","2,131.49",15.54,0.73,"5,687,680,912.80",5/22/2024
47,"2,095.56","2,118.26","2,081.11","2,115.94",23.94,1.14,"5,206,208,111.56",5/21/2024
48,"2,069.88","2,119.89","2,069.88","2,092.00",27.54,1.33,"5,854,354,212.19",5/20/2024
49,"2,044.81","2,068.91","2,028.15","2,064.45",45.69,2.26,"5,251,024,786.63",5/19/2024
50,"2,029.10","2,029.10","2,009.56","2,018.76",0.79,0.03,"4,233,816,403.70",5/16/2024
51,"2,030.87","2,048.23","2,013.53","2,017.97",-9.54,-0.47,"3,708,430,055.16",5/15/2024
52,"2,000.66","2,027.51","1,999.56","2,027.51",28.62,1.43,"4,088,853,664.80",5/14/2024
53,"1,979.68","2,000.14","1,970.64","1,998.89",24.39,1.23,"3,408,608,157.91",5/13/2024
54,"1,973.78","1,981.57","1,962.21","1,974.50",8.26,0.42,"3,155,142,168.43",5/12/2024
55,"1,963.45","1,970.35","1,955.27","1,966.23",5.63,0.28,"3,121,286,362.59",5/9/2024
56,"1,961.27","1,967.92","1,954.39","1,960.60",-0.21,-0.01,"2,547,030,825.49",5/8/2024
57,"1,959.91","1,970.44","1,955.22","1,960.81",2.06,0.1,"2,140,502,621.77",5/7/2024
58,"1,980.22","1,980.22","1,952.96","1,958.75",-15.62,-0.79,"2,891,319,979.87",5/6/2024
59,"1,998.44","1,998.52","1,970.23","1,974.37",-24.58,-1.23,"3,795,748,296.38",5/5/2024
60,"2,025.78","2,025.78","1,995.84","1,998.96",-7.31,-0.36,"4,133,362,726.23",5/2/2024
61,"1,991.10","2,016.57","1,979.36","2,006.28",25.93,1.3,"4,800,044,601.66",4/30/2024
62,"1,990.31","1,990.31","1,974.93","1,980.34",0.07,0,"2,959,458,501.43",4/29/2024
63,"1,973.53","1,981.31","1,965.18","1,980.27",14.33,0.72,"2,682,586,955.82",4/28/2024
64,"1,971.36","1,974.58","1,960.92","1,965.93",-3.24,-0.16,"2,366,975,594.11",4/25/2024
65,"1,969.41","1,979.40","1,963.36","1,969.17",0.15,0,"2,536,431,998.49",4/24/2024
66,"1,984.08","1,992.55","1,964.60","1,969.02",-15.41,-0.77,"2,058,305,185.18",4/22/2024
67,"1,972.92","1,984.43","1,953.37","1,984.43",12.29,0.62,"2,259,959,456.88",4/21/2024
68,"1,992.37","1,992.37","1,967.45","1,972.14",-19.56,-0.98,"2,093,612,792.77",4/18/2024
69,"2,004.96","2,004.96","1,988.46","1,991.71",-14.81,-0.73,"2,103,019,218.57",4/16/2024
70,"2,022.31","2,026.83","2,002.51","2,006.52",-16.82,-0.83,"2,797,577,432.68",4/15/2024
71,"2,025.70","2,031.86","2,018.21","2,023.35",-2.35,-0.11,"3,063,771,798.12",4/14/2024
72,"2,038.10","2,045.20","2,016.75","2,025.30",-10.71,-0.52,"3,485,660,640.32",4/10/2024
73,"2,035.16","2,045.77","2,030.66","2,036.01",9.19,0.45,"4,143,783,989.11",4/9/2024
74,"2,009.05","2,026.81","2,000.37","2,026.81",22.75,1.13,"4,256,676,333.55",4/7/2024
75,"2,007.13","2,011.24","2,000.54","2,004.05",-2.73,-0.13,"3,037,267,307.84",4/4/2024
76,"2,011.65","2,017.09","2,000.00","2,006.78",-3.43,-0.17,"2,536,233,986.66",4/3/2024
77,"2,014.54","2,017.82","2,004.42","2,010.21",-1.85,-0.09,"2,291,645,585.48",4/2/2024
78,"2,017.17","2,019.50","2,007.03","2,012.07",-6.26,-0.31,"2,874,754,305.75",4/1/2024
79,"2,034.70","2,040.27","2,014.51","2,018.33",-17.3,-0.85,"3,205,313,024.75",3/31/2024
80,"2,033.42","2,039.13","2,023.21","2,035.64",4.78,0.23,"2,653,349,468.50",3/28/2024
81,"2,042.09","2,053.47","2,025.19","2,030.86",-10.83,-0.53,"2,235,485,534.30",3/27/2024
82,"2,033.00","2,048.63","2,032.16","2,041.70",10.14,0.49,"2,354,348,503.00",3/26/2024
83,"2,050.68","2,037.60","2,027.89","2,031.55",-17.01,-0.83,"2,489,118,485.07",3/25/2024
84,"2,065.48","2,074.86","2,045.33","2,048.57",-15.37,-0.74,"4,313,017,713.50",3/21/2024
85,"2,072.47","2,084.46","2,058.94","2,063.95",-3.34,-0.16,"3,496,284,036.15",3/20/2024
86,"2,074.53","2,091.19","2,064.50","2,067.29",-6.24,-0.3,"3,633,936,554.86",3/19/2024
87,"2,073.59","2,075.62","2,060.48","2,073.53",3.27,0.15,"2,885,637,818.91",3/18/2024
88,"2,082.41","2,085.31","2,064.49","2,070.25",-10.62,-0.51,"3,387,980,384.32",3/17/2024
89,"2,110.55","2,110.55","2,074.18","2,080.87",-27.84,-1.32,"3,943,592,302.13",3/14/2024
90,"2,123.91","2,123.91","2,094.32","2,108.72",-2.48,-0.11,"4,248,523,332.22",3/13/2024
91,"2,065.62","2,111.21","2,064.17","2,111.21",58.55,2.85,"4,551,632,347.81",3/12/2024
92,"2,032.58","2,061.14","2,032.58","2,052.65",22.1,1.08,"2,922,771,558.90",3/10/2024
93,"2,020.94","2,040.67","2,017.28","2,030.55",13.51,0.67,"3,199,205,820.34",3/7/2024
94,"2,008.92","2,036.26","1,992.79","2,017.03",9.33,0.46,"3,450,838,357.20",3/6/2024
95,"2,094.71","2,094.71","2,003.98","2,007.69",-70.31,-3.38,"4,113,676,958.02",3/5/2024
96,"1,977.12","2,078.00","1,977.12","2,078.00",117.7,6,"375,209,978.32",3/4/2024
97,"1,972.62","1,975.39","1,946.47","1,960.30",-11.78,-0.59,"2,082,786,089.07",3/3/2024
98,"2,001.02","2,007.14","1,970.42","1,972.09",-28.68,-1.43,"2,598,733,478.85",2/29/2024
99,"2,002.50","2,009.40","1,992.63","2,000.77",-0.87,-0.04,"2,038,100,977.41",2/28/2024
100,"1,992.69","2,007.66","1,981.27","2,001.64",9.34,0.46,"1,869,813,526.20",2/27/2024
101,"1,980.89","1,996.83","1,973.35","1,992.30",13.28,0.67,"2,017,739,060.68",2/26/2024
102,"2,007.41","2,011.64","1,977.39","1,979.02",-26.81,-1.33,"3,086,951,070.50",2/25/2024
103,"2,027.57","2,030.14","2,000.63","2,005.83",-20.76,-1.02,"3,206,167,025.36",2/22/2024
104,"2,034.38","2,044.15","2,021.05","2,026.59",-6.46,-0.31,"2,241,961,799.36",2/21/2024
105,"2,034.78","2,043.31","2,026.24","2,033.06",-1.76,-0.08,"3,113,556,978.43",2/20/2024
106,"2,060.67","2,061.08","2,030.87","2,034.82",-27.21,-1.31,"3,775,422,196.16",2/18/2024
107,"2,075.62","2,076.84","2,055.82","2,062.03",-14.46,-0.69,"3,869,118,741.97",2/15/2024
108,"2,071.71","2,081.56","2,064.85","2,076.50",5.91,0.28,"4,252,722,895.25",2/14/2024
109,"2,101.54","2,101.54","2,065.14","2,070.59",-30.56,-1.45,"4,667,179,304.13",2/13/2024
110,"2,085.81","2,103.56","2,081.99","2,101.16",15.33,0.73,"3,586,984,128.47",2/12/2024
111,"2,101.27","2,108.73","2,083.76","2,085.82",-10.5,-0.5,"4,085,678,472.16",2/11/2024
112,"2,092.41","2,097.89","2,082.96","2,096.32",5.68,0.27,"3,212,283,453.62",2/8/2024
113,"2,095.10","2,107.51","2,086.97","2,090.64",4.92,0.23,"2,842,550,237.46",2/7/2024
114,"2,073.83","2,086.98","2,068.18","2,085.71",9.44,0.45,"2,591,534,907.76",2/6/2024
115,"2,063.92","2,082.60","2,060.77","2,076.27",14.57,0.7,"2,438,058,254.56",2/5/2024
116,"2,067.47","2,072.79","2,053.90","2,061.70",-5.31,-0.25,"3,216,727,221.79",2/4/2024
117,"2,103.20","2,103.20","2,063.78","2,067.01",-30.92,-1.47,"4,180,632,139.37",2/1/2024
118,"2,119.17","2,131.27","2,088.70","2,097.93",-21.67,-1.02,"5,295,605,057.47",1/31/2024
119,"2,105.87","2,127.94","2,105.87","2,119.61",14.88,0.7,"5,544,217,593.12",1/30/2024
120,"2,097.48","2,114.31","2,097.48","2,104.72",10.26,0.48,"4,566,522,230.81",1/29/2024
121,"2,084.63","2,097.47","2,075.45","2,094.46",10.37,0.49,"3,833,776,580.75",1/28/2024
122,"2,088.49","2,096.70","2,073.09","2,084.09",-3.94,-0.18,"3,764,505,450.97",1/25/2024
123,"2,098.97","2,119.55","2,083.68","2,088.04",-10.25,-0.48,"3,897,022,598.98",1/24/2024
124,"2,096.99","2,111.95","2,087.51","2,098.29",-0.4,-0.01,"4,294,566,751.66",1/23/2024
125,"2,128.56","2,134.24","2,090.90","2,098.69",-31.49,-1.47,"6,366,070,003.35",1/22/2024
126,"2,156.51","2,165.24","2,124.18","2,130.18",-25.63,-1.18,"7,677,740,058.03",1/21/2024
127,"2,163.38","2,167.15","2,133.22","2,155.82",-7.24,-0.33,"8,174,986,282.97",1/18/2024
128,"2,181.80","2,215.29","2,154.20","2,163.06",-12.1,-0.55,"9,768,969,868.61",1/17/2024
129,"2,125.19","2,178.10","2,125.19","2,175.17",54.54,2.57,"8,023,862,406.68",1/16/2024
130,"2,093.46","2,121.39","2,093.46","2,120.62",31.62,1.51,"5,450,421,806.39",1/14/2024
131,"2,091.28","2,106.28","2,082.62","2,088.99",-0.62,-0.03,"4,307,763,277.26",1/11/2024
132,"2,084.59","2,116.28","2,084.59","2,089.62",9.5,0.45,"5,134,848,789.38",1/10/2024
133,"2,063.55","2,097.93","2,063.55","2,080.12",20.62,1,"6,118,317,866.66",1/9/2024
134,"2,025.89","2,059.49","2,025.89","2,059.49",36.57,1.8,"4,675,224,906.27",1/8/2024
135,"2,049.90","2,056.13","2,019.98","2,022.92",-26.36,-1.28,"5,241,408,379.84",1/7/2024
136,"2,058.56","2,071.97","2,046.19","2,049.28",-8.71,-0.42,"5,581,107,804.69",1/4/2024
137,"2,030.94","2,058.00","2,023.82","2,058.00",27.9,1.37,"4,048,857,454.59",1/3/2024
138,"2,060.46","2,061.45","2,024.47","2,030.10",-30.05,-1.45,"4,044,659,922.73",1/2/2024
139,"2,072.45","2,095.46","2,057.12","2,060.15",-8.75,-0.42,"4,483,982,461.34",1/1/2024
140,"2,072.08","2,084.90","2,059.65","2,068.90",-1.93,-0.09,"4,290,932,297.59",12/28/2023
141,"2,089.88","2,107.74","2,055.63","2,070.84",-17.23,-0.82,"5,248,782,611.36",12/27/2023
142,"2,113.68","2,131.63","2,083.58","2,088.07",-21.03,-0.99,"7,111,733,829.80",12/24/2023
143,"2,148.16","2,154.19","2,103.46","2,109.10",-32.77,-1.53,"6,274,324,811.90",12/21/2023
144,"2,113.94","2,150.17","2,111.70","2,141.87",35.39,1.68,"7,009,575,176.13",12/20/2023
145,"2,065.04","2,106.48","2,053.49","2,106.48",45.98,2.23,"5,984,699,175.73",12/19/2023
146,"2,025.73","2,070.24","2,025.73","2,060.49",38.14,1.88,"6,868,177,565.82",12/18/2023
147,"1,986.05","2,022.35","1,951.05","2,022.35",27.75,1.39,"5,157,846,979.04",12/17/2023
148,"1,989.53","1,997.07","1,974.02","1,994.60",6.55,0.32,"3,151,635,750.11",12/14/2023
149,"1,990.36","2,016.87","1,976.36","1,988.04",2.6,0.13,"3,909,198,570.27",12/13/2023
150,"1,952.19","1,990.15","1,940.61","1,985.44",36.86,1.89,"4,309,019,196.26",12/12/2023
151,"1,989.53","1,989.53","1,928.84","1,948.57",-15.4,-0.78,"4,842,774,386.83",12/11/2023
152,"1,866.06","1,959.73","1,866.06","1,963.98",111.2,6,"451,299,087.69",12/10/2023
153,"1,840.41","1,861.19","1,834.72","1,852.77",11.73,0.63,"2,799,146,433.94",12/7/2023
154,"1,837.24","1,841.59","1,830.63","1,841.04",3.33,0.18,"1,141,812,382.77",12/6/2023
155,"1,849.00","1,857.19","1,833.08","1,837.71",-10.1,-0.54,"1,544,935,438.34",12/5/2023
156,"1,848.70","1,859.09","1,843.39","1,847.81",-3.42,-0.18,"1,197,257,894.69",12/4/2023
157,"1,858.47","1,861.62","1,837.91","1,851.23",-7.29,-0.39,"964,010,431.27",12/3/2023
158,"1,874.24","1,876.07","1,851.40","1,858.53",-18.06,-0.96,"1,323,519,357.20",11/30/2023
159,"1,894.53","1,906.77","1,872.04","1,876.60",-17.93,-0.94,"1,236,642,242.76",11/29/2023
160,"1,896.40","1,902.17","1,885.33","1,894.53",-2.17,-0.11,"1,280,228,971.85",11/28/2023
161,"1,909.97","1,926.12","1,889.78","1,896.67",-11.27,-0.59,"1,754,750,755.81",11/27/2023
162,"1,859.24","1,907.95","1,852.69","1,907.95",47.75,2.56,"2,011,763,358.52",11/26/2023
163,"1,847.69","1,863.93","1,826.68","1,860.20",9.87,0.53,"1,348,347,430.30",11/23/2023
164,"1,830.11","1,850.33","1,816.68","1,850.33",20.67,1.13,"1,087,098,495.58",11/22/2023
165,"1,853.17","1,853.40","1,821.48","1,829.65",-23.82,-1.28,"950,479,583.91",11/21/2023
166,"1,852.28","1,872.64","1,846.53","1,853.48",1.39,0.07,"1,099,318,029.69",11/20/2023
167,"1,864.40","1,866.16","1,848.17","1,852.08",-11.85,-0.63,"836,005,656.08",11/9/2023
168,"1,858.10","1,868.92","1,851.21","1,863.94",5.17,0.27,"782,743,264.94",11/8/2023
169,"1,848.06","1,864.83","1,847.41","1,858.76",11.22,0.6,"996,586,291.90",11/7/2023
170,"1,826.67","1,850.41","1,824.56","1,847.54",21.3,1.16,"938,929,040.59",11/6/2023
171,"1,846.75","1,846.75","1,817.94","1,826.23",-21.46,-1.16,"972,367,278.92",11/5/2023
172,"1,858.26","1,859.47","1,842.85","1,847.70",-10.86,-0.58,"964,477,711.41",11/2/2023
173,"1,864.18","1,872.16","1,853.62","1,858.56",-5.83,-0.31,"812,089,291.30",11/1/2023
174,"1,878.28","1,878.60","1,860.47","1,864.40",-14.29,-0.76,"571,483,276.48",10/31/2023
175,"1,876.47","1,878.70","1,857.11","1,878.70",3.04,0.16,"694,222,217.36",10/30/2023
176,"1,903.58","1,903.71","1,867.47","1,875.65",-28.18,-1.48,"742,925,392.56",10/29/2023
177,"1,908.66","1,915.90","1,893.98","1,903.84",-4.05,-0.21,"970,612,892.03",10/19/2023
178,"1,864.27","1,908.38","1,864.27","1,907.89",43.27,2.32,"934,894,218.15",10/18/2023
179,"1,851.17","1,884.61","1,851.17","1,864.62",13.18,0.71,"1,008,437,860.61",10/17/2023
180,"1,874.12","1,876.25","1,846.82","1,851.43",-23.16,-1.23,"1,253,291,070.96",10/16/2023
181,"1,895.27","1,897.21","1,870.26","1,874.60",-20.16,-1.06,"1,700,129,815.00",10/12/2023
182,"1,890.04","1,904.45","1,884.42","1,894.76",5.16,0.27,"1,088,547,980.13",10/11/2023
183,"1,908.28","1,912.44","1,885.44","1,889.59",-19.06,-0.99,"1,283,182,145.31",10/10/2023
184,"1,919.96","1,926.64","1,902.90","1,908.66",-12.58,-0.65,"1,170,172,722.08",10/9/2023
185,"1,963.80","1,963.80","1,917.87","1,921.24",-35.67,-1.82,"1,801,766,294.08",10/8/2023
186,"1,967.57","1,969.00","1,954.39","1,956.92",-11.04,-0.56,"1,106,519,418.19",10/5/2023
187,"1,958.86","1,976.05","1,957.28","1,967.97",9.24,0.47,"1,189,931,385.36",10/4/2023
188,"1,977.82","1,977.82","1,954.64","1,958.72",-17.56,-0.88,"1,199,101,324.81",10/3/2023
189,"1,970.27","1,982.49","1,954.53","1,976.29",5.19,0.26,"1,737,314,092.32",10/2/2023
190,"2,004.57","2,004.58","1,964.61","1,971.10",-33.2,-1.65,"1,830,486,743.11",10/1/2023
191,"2,023.52","2,026.54","1,993.54","2,004.30",-18.6,-0.91,"1,814,359,022.20",9/27/2023
192,"2,006.63","2,030.46","2,006.24","2,022.91",18.45,0.92,"2,093,809,518.53",9/26/2023
193,"2,012.21","2,015.18","1,999.89","2,004.45",-5.89,-0.29,"1,565,573,471.78",9/25/2023
194,"2,029.42","2,036.76","2,004.26","2,010.35",-19.42,-0.95,"2,326,895,206.98",9/24/2023
195,"1,988.70","2,040.03","1,988.70","2,029.78",44.34,2.23,"3,293,921,368.31",9/21/2023
196,"1,970.41","1,985.74","1,960.94","1,985.43",16.24,0.82,"1,176,680,757.49",9/19/2023
197,"1,965.44","1,974.60","1,953.15","1,969.18",4.26,0.21,"870,444,156.81",9/18/2023
198,"2,009.98","2,010.02","1,961.67","1,964.91",-42.14,-2.09,"2,028,465,610.94",9/17/2023
199,"1,967.26","2,007.06","1,967.26","2,007.06",39.48,2,"1,495,521,905.76",9/13/2023
200,"1,987.16","1,998.17","1,962.97","1,967.57",-19.42,-0.97,"1,135,057,515.51",9/12/2023
201,"1,942.98","1,986.99","1,942.25","1,986.99",44.3,2.28,"1,518,343,397.24",9/11/2023
202,"1,933.25","1,946.60","1,933.12","1,942.68",10.23,0.52,"1,072,212,418.60",9/10/2023
203,"1,960.72","1,960.72","1,930.52","1,932.45",-28.92,-1.47,"1,150,920,607.59",9/7/2023
204,"1,966.80","1,973.70","1,954.37","1,961.37",-6.45,-0.32,"796,870,408.04",9/5/2023
205,"1,960.78","1,977.43","1,946.71","1,967.83",7.04,0.35,"1,099,139,697.15",9/4/2023
206,"1,990.81","1,991.04","1,959.14","1,960.78",-29.81,-1.49,"1,186,618,410.86",9/3/2023
207,"1,994.63","2,001.43","1,985.47","1,990.59",-2.82,-0.14,"1,130,008,041.15",8/30/2023
208,"1,999.00","2,002.70","1,988.83","1,993.42",-5.05,-0.25,"865,120,452.40",8/29/2023
209,"1,994.03","2,009.37","1,989.97","1,998.48",5.09,0.25,"988,628,562.24",8/28/2023
210,"2,014.20","2,015.85","1,989.42","1,993.38",-20.54,-1.02,"1,262,767,876.55",8/27/2023
211,"2,045.85","2,052.02","2,009.10","2,013.93",-31.52,-1.54,"1,550,582,685.37",8/24/2023
212,"2,016.79","2,047.87","2,016.06","2,045.45",29.47,1.46,"1,510,488,984.60",8/23/2023
213,"1,998.14","2,015.98","1,990.34","2,015.98",17.69,0.88,"1,332,564,769.51",8/22/2023
214,"2,012.45","2,019.41","1,991.94","1,998.28",-12.93,-0.64,"1,408,981,601.68",8/21/2023
215,"2,033.20","2,034.49","2,008.13","2,011.22",-21.91,-1.07,"1,447,408,942.66",8/20/2023
216,"2,025.98","2,042.35","2,025.73","2,033.13",8.01,0.39,"1,541,367,398.79",8/17/2023
217,"2,044.04","2,044.04","2,014.34","2,025.12",-20.31,-0.99,"1,679,980,623.08",8/16/2023
218,"2,077.03","2,078.65","2,041.30","2,045.44",-31.8,-1.53,"2,157,312,369.50",8/15/2023
219,"2,079.24","2,093.81","2,073.88","2,077.24",-3.61,-0.17,"2,091,390,638.30",8/14/2023
220,"2,065.40","2,087.31","2,057.77","2,080.86",14.81,0.71,"3,018,460,512.26",8/13/2023
221,"2,058.95","2,080.40","2,046.07","2,066.05",5.13,0.24,"2,156,583,945.67",8/10/2023
222,"2,018.72","2,060.91","2,000.51","2,060.91",41.06,2.03,"1,888,326,469.62",8/9/2023
223,"2,047.71","2,054.83","2,013.75","2,019.85",-28.4,-1.38,"1,737,014,499.55",8/8/2023
224,"2,051.56","2,069.32","2,030.32","2,048.26",-3.21,-0.15,"2,333,573,297.98",8/7/2023
225,"2,095.42","2,101.42","2,041.92","2,051.47",-38.37,-1.83,"2,687,148,234.55",8/6/2023
226,"2,088.55","2,109.29","2,084.15","2,089.84",3,0.14,"1,781,941,701.80",8/3/2023
227,"2,078.59","2,086.84","2,062.02","2,086.84",9.25,0.44,"1,812,473,856.12",8/2/2023
228,"2,106.06","2,123.73","2,070.68","2,077.58",-28.9,-1.35,"1,924,434,899.89",8/1/2023
229,"2,097.84","2,126.48","2,094.15","2,106.18",5.84,0.27,"1,858,002,175.73",7/31/2023
230,"2,126.85","2,138.63","2,091.53","2,100.34",-26.14,-1.22,"2,502,886,527.87",7/30/2023
231,"2,155.48","2,165.90","2,124.70","2,126.48",-29.71,-1.37,"2,425,780,564.09",7/27/2023
232,"2,168.46","2,186.16","2,152.54","2,156.20",-8.11,-0.37,"2,432,508,769.56",7/26/2023
233,"2,202.99","2,205.48","2,163.07","2,164.31",-36.19,-1.64,"2,910,732,418.70",7/25/2023
234,"2,227.21","2,243.78","2,194.41","2,200.50",-26.66,-1.19,"4,737,608,810.43",7/24/2023
235,"2,166.47","2,228.18","2,166.47","2,227.16",63.24,2.92,"4,375,196,232.80",7/23/2023
236,"2,165.70","2,177.76","2,153.16","2,163.92",-1.31,-0.06,"3,052,410,659.63",7/20/2023
237,"2,154.02","2,174.41","2,142.14","2,165.24",11.17,0.52,"3,348,679,900.45",7/19/2023
238,"2,147.69","2,170.90","2,147.13","2,154.07",9.91,0.46,"3,548,829,029.13",7/18/2023
239,"2,097.99","2,144.17","2,089.28","2,144.16",47.07,2.24,"2,560,191,288.71",7/17/2023
240,"2,085.68","2,103.86","2,079.36","2,097.09",12.16,0.58,"2,376,427,573.77",7/16/2023
241,"2,095.72","2,121.58","2,080.91","2,084.93",-12.62,-0.6,"3,390,660,605.31",7/13/2023
242,"2,072.24","2,099.51","2,072.24","2,097.55",25.31,1.22,"3,187,695,774.33",7/12/2023
243,"2,078.25","2,084.90","2,064.75","2,072.24",-4.73,-0.23,"2,859,490,490.47",7/11/2023
244,"2,081.75","2,101.37","2,068.28","2,076.96",-0.8,-0.04,"3,797,986,583.24",7/10/2023
245,"2,050.36","2,084.30","2,050.36","2,077.76",28.38,1.38,"3,042,543,961.01",7/9/2023
246,"2,050.28","2,063.54","2,033.59","2,049.38",-0.06,0,"3,077,498,315.29",7/6/2023
247,"2,090.38","2,101.29","2,046.70","2,049.44",-39.26,-1.88,"3,073,992,136.77",7/5/2023
248,"2,079.42","2,103.78","2,067.22","2,088.70",12.73,0.61,"2,576,140,128.50",7/4/2023
249,"2,096.72","2,113.74","2,069.86","2,075.97",-21.32,-1.02,"4,051,078,375.43",7/3/2023
250,"2,154.80","2,158.83","2,094.60","2,097.29",-53.7,-2.5,"5,081,976,179.38",7/2/2023
251,"2,193.51","2,204.93","2,146.57","2,150.99",-35.37,-1.62,"5,972,286,481.44",6/28/2023
252,"2,132.61","2,186.36","2,132.61","2,186.36",56.94,2.67,"5,476,287,740.47",6/27/2023
253,"2,124.01","2,154.66","2,121.34","2,129.42",11.69,0.55,"5,312,422,087.26",6/26/2023
254,"2,057.37","2,119.40","2,057.37","2,117.73",62.21,3.03,"6,490,443,184.88",6/25/2023
255,"2,054.62","2,074.22","2,042.45","2,055.53",4.75,0.23,"3,444,862,501.60",6/22/2023
256,"2,067.21","2,082.60","2,044.28","2,050.78",-14.05,-0.68,"3,496,822,260.78",6/21/2023
257,"2,093.56","2,116.89","2,057.52","2,064.83",-26.56,-1.27,"4,110,606,953.96",6/20/2023
258,"2,097.53","2,107.18","2,075.87","2,091.39",-2.94,-0.14,"4,740,608,880.28",6/19/2023
259,"2,045.06","2,094.33","2,038.24","2,094.33",52.26,2.56,"4,869,184,016.01",6/18/2023
260,"2,040.58","2,049.86","2,018.05","2,042.07",5,0.25,"3,162,810,843.58",6/15/2023
261,"2,020.18","2,066.99","2,015.67","2,037.06",16.42,0.81,"5,017,807,682.79",6/14/2023
262,"1,989.43","2,034.45","1,977.92","2,020.64",34.17,1.72,"4,126,695,943.96",6/13/2023
263,"1,984.36","2,002.00","1,972.08","1,987.87",7.79,0.39,"2,886,509,415.69",6/12/2023
264,"1,941.76","1,983.23","1,941.76","1,980.09",40.48,2.09,"3,454,344,563.90",6/11/2023
265,"1,933.40","1,946.76","1,920.74","1,939.61",7.27,0.38,"2,305,888,931.71",6/8/2023
266,"1,929.16","1,950.57","1,928.41","1,932.33",4.68,0.24,"2,368,815,635.92",6/7/2023
267,"1,902.75","1,927.66","1,893.62","1,927.66",25.66,1.35,"1,981,012,701.99",6/6/2023
268,"1,922.13","1,935.55","1,900.30","1,901.99",-17.38,-0.91,"1,973,491,107.31",6/5/2023
269,"1,866.35","1,925.11","1,865.73","1,919.38",53.03,2.84,"1,656,340,391.57",6/4/2023
270,"1,850.79","1,876.98","1,837.43","1,866.34",16.54,0.89,"1,654,648,922.34",6/1/2023
271,"1,884.49","1,893.37","1,844.67","1,849.79",-38.83,-2.06,"2,315,169,571.93",5/31/2023
272,"1,944.03","1,944.03","1,885.06","1,888.61",-53.16,-2.74,"2,341,777,844.60",5/30/2023
273,"1,960.95","1,977.36","1,938.66","1,941.74",-17.38,-0.89,"2,639,659,499.69",5/28/2023
274,"1,943.81","1,962.55","1,928.36","1,959.12",16.49,0.85,"1,873,018,024.09",5/24/2023
275,"1,891.37","1,942.63","1,891.37","1,942.63",51.31,2.71,"2,200,023,945.86",5/23/2023
276,"1,883.45","1,898.60","1,866.11","1,891.31",8.1,0.43,"1,272,346,510.88",5/22/2023
277,"1,878.68","1,902.60","1,874.47","1,883.20",5.88,0.31,"1,600,492,731.52",5/21/2023
278,"1,846.69","1,883.00","1,844.61","1,877.32",32.3,1.75,"1,474,765,388.20",5/18/2023
279,"1,821.54","1,846.63","1,821.33","1,845.01",23.39,1.28,"857,624,318.45",5/17/2023
280,"1,817.87","1,827.55","1,810.15","1,821.62",3.31,0.18,"640,117,260.52",5/16/2023
281,"1,821.81","1,826.63","1,807.84","1,818.31",-3.34,-0.18,"724,969,980.39",5/15/2023
282,"1,840.82","1,849.19","1,818.50","1,821.64",-16.96,-0.92,"900,563,856.24",5/14/2023
283,"1,840.05","1,843.36","1,831.41","1,838.59",-3.34,-0.18,"578,841,593.52",5/11/2023
284,"1,845.71","1,852.04","1,835.64","1,841.93",-2.43,-0.13,"471,574,067.13",5/10/2023
285,"1,831.64","1,856.02","1,829.00","1,844.36",10.66,0.58,"774,760,647.07",5/9/2023
286,"1,850.73","1,853.87","1,825.83","1,833.69",-16.93,-0.91,"824,217,001.84",5/8/2023
287,"1,870.41","1,872.22","1,849.09","1,850.61",-19.12,-1.02,"608,135,094.13",5/7/2023
288,"1,856.97","1,874.58","1,846.92","1,869.73",12.73,0.69,"732,689,811.89",5/4/2023
289,"1,866.68","1,868.14","1,852.51","1,857.23",-9.18,-0.49,"620,266,016.87",5/3/2023
290,"1,871.63","1,878.51","1,860.53","1,866.40",-4.27,-0.23,"692,271,755.19",5/2/2023
291,"1,889.41","1,890.06","1,867.86","1,870.65",-19.11,-1.01,"954,322,377.93",4/30/2023
292,"1,892.94","1,895.12","1,880.29","1,889.73",-2.24,-0.12,"739,650,247.50",4/27/2023
293,"1,907.54","1,913.05","1,889.63","1,892.00",-13.68,-0.72,"847,028,219.40",4/26/2023
294,"1,887.30","1,905.68","1,885.20","1,905.68",17.36,0.92,"885,578,270.76",4/25/2023
295,"1,885.77","1,891.79","1,875.37","1,888.32",2.71,0.14,"751,330,393.70",4/24/2023
296,"1,904.94","1,906.29","1,881.39","1,885.60",-18.8,-0.99,"828,534,036.34",4/23/2023
297,"1,918.49","1,927.92","1,902.37","1,904.40",-15.73,-0.82,"983,367,311.00",4/20/2023
298,"1,903.36","1,924.06","1,903.36","1,920.12",15.13,0.79,"872,141,116.12",4/19/2023
299,"1,905.96","1,911.39","1,893.33","1,904.98",-3.07,-0.16,"870,448,151.88",4/18/2023
300,"1,931.86","1,937.37","1,904.61","1,908.05",-23.63,-1.22,"920,078,571.12",4/17/2023
301,"1,934.51","1,944.58","1,918.70","1,931.68",-2.8,-0.14,"974,599,061.51",4/16/2023
302,"1,973.09","1,981.43","1,929.21","1,934.47",-29.07,-1.48,"1,653,334,665.77",4/13/2023
303,"1,871.46","1,963.55","1,871.46","1,963.55",92.22,4.93,"1,976,076,732.33",4/12/2023
304,"1,845.65","1,871.95","1,844.57","1,871.34",27.31,1.48,"945,249,179.36",4/11/2023
305,"1,837.65","1,851.39","1,833.30","1,844.02",5.54,0.3,"911,976,049.12",4/10/2023
306,"1,867.47","1,868.34","1,834.20","1,838.49",-28.31,-1.52,"1,159,448,411.71",4/9/2023
307,"1,875.88","1,888.82","1,864.51","1,866.79",-8.28,-0.44,"920,686,094.33",4/6/2023
308,"1,866.83","1,878.53","1,857.63","1,875.07",8.39,0.45,"816,046,790.00",4/5/2023
309,"1,872.65","1,880.31","1,856.69","1,866.68",-5.2,-0.28,"917,610,296.04",4/4/2023
310,"1,888.61","1,891.76","1,866.16","1,871.88",-16.67,-0.88,"920,249,011.53",4/3/2023
311,"1,910.49","1,928.66","1,883.04","1,888.55",-20,-1.05,"1,207,122,600.13",4/2/2023
312,"1,920.01","1,932.30","1,905.50","1,908.55",-10.87,-0.57,"899,532,139.40",3/30/2023
313,"1,920.09","1,921.83","1,901.90","1,919.42",1.02,0.05,"816,219,129.76",3/29/2023
314,"1,910.35","1,936.43","1,906.77","1,918.41",12.41,0.65,"1,443,713,878.30",3/28/2023
315,"1,885.65","1,906.85","1,864.99","1,906.00",17.7,0.94,"1,382,767,991.83",3/27/2023
316,"1,915.32","1,915.32","1,881.35","1,888.30",-26.85,-1.4,"1,289,371,531.03",3/26/2023
317,"1,933.11","1,933.21","1,906.33","1,915.14",-18.15,-0.94,"1,413,172,802.50",3/23/2023
318,"1,952.19","1,962.14","1,929.54","1,933.29",-15.76,-0.81,"1,333,719,929.67",3/22/2023
319,"1,926.28","1,949.06","1,926.04","1,949.06",22.65,1.18,"1,298,583,988.28",3/20/2023
320,"1,933.23","1,939.42","1,922.63","1,926.40",-6.9,-0.36,"1,069,804,825.12",3/19/2023
321,"1,938.62","1,946.32","1,920.10","1,933.31",-5.32,-0.27,"1,141,455,062.49",3/16/2023
322,"1,953.96","1,955.71","1,926.64","1,938.62",-14.44,-0.74,"1,202,141,882.65",3/15/2023
323,"1,950.41","1,964.71","1,939.55","1,953.06",1.85,0.09,"1,135,925,357.90",3/14/2023
324,"1,975.43","1,975.43","1,944.48","1,951.21",-24.68,-1.25,"1,162,503,515.16",3/13/2023
325,"2,008.26","2,016.05","1,970.84","1,975.90",-26.8,-1.34,"1,666,931,510.75",3/12/2023
326,"1,955.57","2,002.70","1,955.57","2,002.70",50.04,2.56,"1,565,558,802.91",3/9/2023
327,"1,938.36","1,963.76","1,937.92","1,952.66",14.41,0.74,"1,204,409,411.61",3/7/2023
328,"1,967.49","1,975.79","1,935.49","1,938.25",-30.77,-1.56,"1,392,354,893.48",3/5/2023
329,"1,995.34","1,996.56","1,966.72","1,969.02",-26.47,-1.33,"1,336,333,964.70",3/2/2023
330,"2,020.72","2,024.34","1,994.53","1,995.49",-24.44,-1.21,"1,288,363,424.63",3/1/2023
331,"2,024.82","2,033.70","2,013.58","2,019.93",-3.61,-0.18,"1,387,865,515.74",2/28/2023
332,"2,029.23","2,042.95","1,990.37","2,023.54",-3.65,-0.18,"1,893,736,365.84",2/27/2023
333,"2,016.54","2,029.09","1,961.68","2,027.19",4.55,0.22,"2,525,071,806.13",2/26/2023
334,"2,078.48","2,078.48","2,015.04","2,022.64",-57.74,-2.78,"2,522,713,153.87",2/23/2023
335,"2,049.65","2,083.83","2,048.35","2,080.38",33.57,1.64,"1,803,282,180.68",2/22/2023
336,"2,069.67","2,069.67","2,040.34","2,046.81",-23.6,-1.14,"1,947,623,993.42",2/20/2023
337,"2,090.49","2,099.36","2,067.41","2,070.41",-21.15,-1.01,"1,684,942,096.45",2/16/2023
338,"2,105.03","2,117.50","2,086.95","2,091.56",-13.9,-0.66,"1,732,575,202.79",2/15/2023
339,"2,122.41","2,122.41","2,100.60","2,105.46",-16.4,-0.77,"1,787,016,372.70",2/14/2023
340,"2,181.20","2,181.20","2,117.93","2,121.86",-60.77,-2.78,"3,047,739,812.93",2/12/2023
341,"2,171.17","2,182.64","2,153.57","2,182.63",12.45,0.57,"2,062,058,749.14",2/9/2023
342,"2,181.62","2,213.78","2,161.22","2,170.18",-7.16,-0.33,"3,691,972,817.14",2/8/2023
343,"2,100.12","2,177.35","2,100.12","2,177.34",76.64,3.65,"3,362,267,078.75",2/7/2023
344,"2,096.32","2,102.47","2,087.48","2,100.70",4.62,0.22,"1,474,161,645.60",2/6/2023
345,"2,096.70","2,118.27","2,088.07","2,096.08",1.54,0.07,"1,931,719,103.92",2/5/2023
346,"2,118.56","2,126.01","2,090.53","2,094.54",-22.12,-1.04,"2,096,419,161.88",2/2/2023
347,"2,111.44","2,124.09","2,104.55","2,116.65",4.97,0.24,"1,767,051,916.00",2/1/2023
348,"2,130.29","2,135.86","2,108.20","2,111.68",-15.7,-0.74,"2,824,540,406.61",1/31/2023
349,"2,166.31","2,173.85","2,124.97","2,127.37",-41.16,-1.9,"3,302,201,825.93",1/30/2023
350,"2,185.32","2,192.27","2,164.05","2,168.53",-14.68,-0.67,"3,017,063,956.47",1/29/2023
351,"2,186.50","2,201.28","2,178.29","2,183.21",-0.41,-0.02,"2,860,082,839.02",1/26/2023
352,"2,175.67","2,199.66","2,175.67","2,183.62",10.37,0.48,"3,466,508,338.64",1/25/2023
353,"2,166.05","2,173.25","2,140.18","2,173.25",8.15,0.38,"3,003,230,039.43",1/24/2023
354,"2,184.77","2,202.26","2,163.41","2,165.10",-13.71,-0.63,"3,864,008,973.69",1/23/2023
355,"2,175.30","2,191.81","2,163.44","2,178.81",5.71,0.26,"3,044,529,329.67",1/19/2023
356,"2,185.73","2,214.39","2,167.41","2,173.10",-9.01,-0.41,"4,928,714,602.64",1/18/2023
357,"2,152.05","2,187.54","2,136.61","2,182.11",32.72,1.52,"3,724,794,587.76",1/17/2023
358,"2,203.84","2,235.49","2,144.41","2,149.39",-41.04,-1.87,"5,477,624,724.37",1/12/2023
359,"2,215.35","2,277.35","2,179.25","2,190.42",-21.34,-0.96,"7,658,823,579.86",1/10/2023
360,"2,171.46","2,211.77","2,161.42","2,211.76",47.15,2.18,"5,314,307,853.42",1/9/2023
361,"2,148.93","2,191.52","2,127.08","2,164.61",20.68,0.96,"5,459,925,001.18",1/8/2023
362,"2,134.88","2,159.82","2,113.51","2,143.93",18.09,0.85,"5,040,740,937.08",1/5/2023
363,"2,069.34","2,125.85","2,066.89","2,125.84",64.78,3.14,"3,501,142,097.42",1/4/2023
364,"2,066.02","2,081.09","2,051.20","2,061.06",-3.03,-0.15,"3,458,089,787.92",1/3/2023
365,"2,047.46","2,070.31","2,028.74","2,063.83",17.56,0.86,"2,960,927,440.66",1/2/2023
366,"2,037.21","2,082.66","2,030.41","2,046.26",17.24,0.85,"4,048,879,510.19",1/1/2023
367,"1,973.18","2,029.03","1,962.71","2,029.03",56.88,2.88,"2,860,345,781.68",12/29/2022
368,"1,991.81","1,994.07","1,962.33","1,972.15",-11.81,-0.6,"2,153,547,207.90",12/28/2022
369,"1,928.81","1,998.49","1,928.81","1,983.95",59.87,3.11,"3,884,396,997.97",12/27/2022
370,"1,868.18","1,924.09","1,868.18","1,924.09",56.88,3.05,"2,097,049,941.35",12/26/2022
371,"1,864.41","1,867.21","1,850.88","1,867.21",-0.01,0,"1,119,797,921.31",12/22/2022
372,"1,874.85","1,882.84","1,864.90","1,867.22",-5.89,-0.31,"863,816,561.06",12/21/2022
373,"1,859.72","1,881.04","1,859.07","1,873.11",14.22,0.77,"930,839,901.14",12/20/2022
374,"1,855.19","1,864.87","1,849.44","1,858.89",3.83,0.21,"886,098,568.37",12/19/2022
375,"1,883.65","1,883.65","1,851.24","1,855.06",-27.54,-1.46,"1,157,155,099.08",12/18/2022
376,"1,897.34","1,898.86","1,880.44","1,882.60",-14.48,-0.76,"1,192,616,187.82",12/15/2022
377,"1,900.61","1,905.91","1,893.20","1,897.08",-2.62,-0.14,"727,877,897.35",12/14/2022
378,"1,900.23","1,904.58","1,888.84","1,899.70",-2.57,-0.13,"777,089,165.15",12/13/2022
379,"1,884.22","1,902.27","1,868.77","1,902.27",16.96,0.9,"1,366,010,464.02",12/12/2022
380,"1,916.04","1,918.03","1,883.23","1,885.31",-31.97,-1.67,"1,103,404,045.08",12/11/2022
381,"1,935.08","1,935.86","1,916.77","1,917.28",-16.61,-0.86,"1,654,662,550.98",12/7/2022
382,"1,941.08","1,943.63","1,922.20","1,933.88",-4.87,-0.25,"965,210,899.14",12/6/2022
383,"1,964.79","1,965.26","1,935.76","1,938.76",-24.46,-1.25,"1,670,455,034.63",12/5/2022
384,"1,961.07","1,973.39","1,957.36","1,963.22",2.16,0.11,"1,561,702,992.00",12/4/2022
385,"1,949.48","1,968.95","1,942.10","1,961.06",11.22,0.58,"1,322,972,185.64",12/1/2022
386,"1,953.07","1,955.60","1,943.37","1,949.85",-3.51,-0.18,"842,695,301.98",11/30/2022
387,"1,951.31","1,957.83","1,933.97","1,953.35",2.99,0.15,"957,060,225.95",11/29/2022
388,"1,968.93","1,980.09","1,948.04","1,950.37",-15.61,-0.79,"1,494,394,613.65",11/28/2022
389,"1,939.09","1,965.98","1,936.31","1,965.98",32.43,1.68,"2,025,489,052.13",11/27/2022
390,"1,922.72","1,933.55","1,916.45","1,933.55",11.56,0.6,"925,174,380.44",11/24/2022
391,"1,931.01","1,933.53","1,913.28","1,921.99",-7.72,-0.4,"1,022,293,552.83",11/23/2022
392,"1,938.47","1,960.85","1,926.48","1,929.70",-7.13,-0.37,"1,352,885,779.64",11/22/2022
393,"1,912.24","1,939.56","1,912.24","1,936.83",25.57,1.34,"1,715,419,286.41",11/17/2022
394,"1,898.70","1,914.27","1,898.70","1,911.26",13.4,0.71,"859,468,158.30",11/16/2022
395,"1,905.21","1,919.75","1,896.36","1,897.86",-6.59,-0.35,"1,023,609,960.42",11/15/2022
396,"1,883.58","1,904.45","1,879.53","1,904.45",21.29,1.13,"946,089,521.22",11/14/2022
397,"1,892.94","1,901.04","1,879.80","1,883.16",-10.54,-0.56,"774,911,706.64",11/13/2022
398,"1,919.10","1,929.00","1,889.93","1,893.70",-23.52,-1.23,"1,119,461,411.39",11/10/2022
399,"1,957.76","1,967.63","1,914.28","1,917.22",-39.15,-2,"1,407,395,437.00",11/9/2022
400,"1,959.22","1,965.96","1,948.45","1,956.36",-2.57,-0.13,"1,053,137,466.97",11/8/2022
401,"1,968.07","1,987.26","1,955.72","1,958.94",-6.43,-0.33,"2,109,163,383.68",11/7/2022
402,"1,924.20","1,965.38","1,919.90","1,965.36",43.2,2.25,"1,548,032,561.21",11/6/2022
403,"1,939.50","1,940.43","1,919.26","1,922.16",-16.14,-0.83,"898,907,829.98",11/3/2022
404,"1,933.24","1,956.42","1,916.54","1,938.30",7.32,0.38,"1,467,914,875.04",11/2/2022
405,"1,876.55","1,930.98","1,871.98","1,930.99",56.11,2.99,"1,290,664,641.80",11/1/2022
406,"1,860.39","1,874.88","1,857.20","1,874.88",16.39,0.88,"697,317,611.31",10/31/2022
407,"1,844.50","1,858.49","1,843.82","1,858.49",14.35,0.78,"516,803,483.59",10/23/2022
408,"1,845.38","1,849.74","1,834.41","1,844.14",-1.38,-0.07,"507,689,560.53",10/20/2022
409,"1,858.03","1,861.63","1,840.55","1,845.52",-12.81,-0.69,"643,607,975.25",10/19/2022
410,"1,861.55","1,864.58","1,854.56","1,858.33",-2.61,-0.14,"515,818,989.82",10/17/2022
411,"1,871.09","1,871.59","1,853.07","1,860.94",-9.69,-0.52,"803,525,533.17",10/16/2022
412,"1,866.54","1,878.14","1,861.11","1,870.63",4.15,0.22,"829,646,920.43",10/13/2022
413,"1,854.57","1,872.75","1,848.36","1,866.48",11.32,0.61,"691,737,893.98",10/12/2022
414,"1,871.28","1,871.28","1,850.13","1,855.16",-16.06,-0.86,"552,809,984.50",10/11/2022
415,"1,901.25","1,907.94","1,866.84","1,871.22",-27.16,-1.43,"971,767,714.44",10/10/2022
416,"1,854.57","1,898.38","1,854.53","1,898.38",44.62,2.41,"836,873,139.83",10/9/2022
417,"1,836.84","1,853.76","1,835.97","1,853.76",16.29,0.89,"632,407,627.66",9/29/2022
418,"1,831.24","1,845.61","1,831.24","1,837.46",6.41,0.35,"485,408,767.82",9/28/2022
419,"1,814.71","1,842.06","1,814.71","1,831.05",15.92,0.88,"663,013,000.44",9/27/2022
420,"1,838.00","1,838.68","1,811.70","1,815.13",-23.83,-1.3,"1,072,480,097.23",9/25/2022
421,"1,848.79","1,855.97","1,836.34","1,838.96",-9.83,-0.53,"655,705,169.41",9/22/2022
422,"1,838.40","1,862.36","1,838.23","1,848.80",11.19,0.61,"721,259,884.67",9/21/2022
423,"1,875.41","1,876.82","1,833.72","1,837.60",-38.81,-2.07,"1,229,669,722.27",9/20/2022
424,"1,910.20","1,910.90","1,874.40","1,876.41",-33.97,-1.78,"1,601,822,954.98",9/18/2022
425,"1,921.05","1,921.05","1,886.91","1,910.38",-14.1,-0.73,"908,186,487.98",9/16/2022
426,"1,983.26","1,989.85","1,920.45","1,924.48",-57,-2.88,"2,125,655,787.38",9/15/2022
427,"1,936.37","1,984.12","1,936.37","1,981.48",47.44,2.45,"1,453,824,649.96",9/14/2022
428,"1,913.41","1,940.73","1,913.33","1,934.04",21.3,1.11,"922,574,409.66",9/13/2022
429,"1,926.45","1,928.65","1,907.11","1,912.74",-13.54,-0.7,"831,603,650.57",9/12/2022
430,"1,938.20","1,946.39","1,922.47","1,926.28",-11.46,-0.59,"747,226,625.36",9/11/2022
431,"1,940.19","1,947.69","1,925.48","1,937.74",-2.13,-0.11,"1,044,440,646.77",9/8/2022
432,"1,951.21","1,955.77","1,933.32","1,939.88",-11.97,-0.61,"826,230,582.89",9/7/2022
433,"1,974.13","1,977.86","1,947.33","1,951.84",-21.16,-1.07,"1,190,765,612.98",9/6/2022
434,"1,978.30","1,987.50","1,970.91","1,973.01",-4.29,-0.22,"909,904,751.01",9/5/2022
435,"1,971.86","1,988.25","1,969.60","1,977.30",6.68,0.34,"1,071,615,922.48",9/4/2022
436,"1,970.78","1,984.20","1,964.98","1,970.62",-1.67,-0.08,"698,805,950.93",9/2/2022
437,"1,972.98","1,982.34","1,953.65","1,972.29",-1.08,-0.05,"1,383,462,162.06",9/1/2022
438,"1,993.38","1,996.32","1,968.62","1,973.38",-21.97,-1.1,"1,126,217,861.98",8/31/2022
439,"1,993.47","2,011.82","1,987.49","1,995.34",2.33,0.12,"1,019,516,696.18",8/30/2022
440,"1,989.37","1,995.59","1,975.24","1,993.02",3.76,0.19,"1,266,619,150.41",8/29/2022
441,"2,022.32","2,022.70","1,987.21","1,989.26",-33.36,-1.65,"2,059,737,103.35",8/28/2022
442,"2,040.47","2,040.47","2,018.27","2,022.62",-16.93,-0.83,"1,294,832,820.00",8/26/2022
443,"2,058.01","2,068.33","2,036.07","2,039.54",-18.3,-0.89,"1,717,469,670.12",8/25/2022
444,"2,054.99","2,073.28","2,052.30","2,057.84",2.86,0.14,"1,526,186,217.86",8/24/2022
445,"2,053.35","2,059.92","2,049.04","2,054.98",1.85,0.09,"1,333,560,857.30",8/23/2022
446,"2,061.03","2,065.20","2,044.02","2,053.13",-7.41,-0.36,"1,726,287,429.58",8/22/2022
447,"2,070.06","2,088.38","2,056.43","2,060.55",-7.72,-0.37,"2,047,093,688.56",8/21/2022
448,"2,041.71","2,072.23","2,041.71","2,068.26",27.56,1.35,"2,057,980,056.54",8/18/2022
449,"2,043.62","2,052.90","2,035.52","2,040.70",-0.36,-0.02,"1,405,974,256.29",8/17/2022
450,"2,069.38","2,088.22","2,035.55","2,041.06",-24.83,-1.2,"2,734,853,057.65",8/16/2022
451,"2,007.19","2,065.89","2,004.29","2,065.89",55.88,2.78,"2,432,984,611.90",8/15/2022
452,"2,035.32","2,042.87","2,007.73","2,010.01",-27.92,-1.37,"1,873,281,897.06",8/14/2022
453,"2,059.83","2,074.70","2,037.93","2,037.92",-18.96,-0.92,"1,761,023,038.83",8/11/2022
454,"2,064.39","2,074.93","2,042.95","2,056.88",-5.91,-0.29,"1,935,520,146.52",8/10/2022
455,"2,109.79","2,112.13","2,060.92","2,062.80",-43.35,-2.06,"2,815,144,598.31",8/9/2022
456,"2,128.19","2,140.09","2,102.34","2,106.15",-17.68,-0.83,"2,857,072,961.40",8/8/2022
457,"2,109.41","2,132.49","2,108.65","2,123.82",10.27,0.49,"2,673,338,232.35",8/7/2022
458,"2,150.47","2,150.47","2,109.01","2,113.55",-34.61,-1.61,"2,626,154,947.80",8/5/2022
459,"2,191.49","2,192.66","2,148.16","2,148.16",-38.61,-1.77,"3,768,079,173.00",8/4/2022
460,"2,196.13","2,213.70","2,183.80","2,186.77",-6.71,-0.31,"4,029,931,439.75",8/3/2022
461,"2,198.06","2,202.72","2,170.32","2,193.48",-2.76,-0.13,"3,293,234,705.72",8/2/2022
462,"2,205.77","2,223.99","2,183.55","2,196.25",1.15,0.05,"4,670,798,756.39",8/1/2022
463,"2,142.31","2,195.10","2,142.31","2,195.10",54.58,2.55,"4,609,971,271.65",7/31/2022
464,"2,130.32","2,147.31","2,117.53","2,140.52",13.05,0.61,"2,191,619,914.28",7/29/2022
465,"2,113.35","2,156.10","2,106.16","2,127.47",15.49,0.73,"4,976,433,105.02",7/28/2022
466,"2,089.01","2,111.99","2,066.08","2,111.99",23.83,1.14,"3,161,455,141.99",7/27/2022
467,"2,134.14","2,141.35","2,085.93","2,088.16",-44.8,-2.1,"3,704,998,398.24",7/26/2022
468,"2,081.98","2,134.62","2,081.98","2,132.96",54.45,2.62,"4,106,818,941.36",7/25/2022
469,"2,027.80","2,078.51","2,027.80","2,078.51",61.05,3.03,"2,730,937,196.52",7/24/2022
470,"2,046.62","2,046.62","2,013.75","2,017.46",-27.26,-1.33,"1,443,432,770.47",7/22/2022
471,"2,052.95","2,065.86","2,038.58","2,044.72",-5.87,-0.29,"1,642,648,586.50",7/21/2022
472,"2,046.21","2,061.31","2,033.46","2,050.59",4.89,0.24,"1,731,832,270.04",7/20/2022
473,"2,029.71","2,062.07","2,029.29","2,045.70",16.27,0.8,"2,299,316,326.28",7/19/2022
474,"2,011.71","2,029.43","2,000.19","2,029.43",18.03,0.9,"1,312,962,959.61",7/18/2022
475,"2,010.92","2,018.85","1,994.75","2,011.40",1.94,0.1,"1,232,488,082.72",7/17/2022
476,"2,002.96","2,009.47","1,989.42","2,009.46",7.93,0.4,"1,456,259,832.87",7/15/2022
477,"1,987.32","2,011.72","1,977.26","2,001.53",14.71,0.74,"2,411,834,599.35",7/14/2022
478,"1,928.50","1,986.83","1,928.50","1,986.82",59.54,3.09,"2,044,443,007.47",7/13/2022
479,"1,916.41","1,947.53","1,908.89","1,927.28",11.68,0.61,"1,707,752,977.82",7/12/2022
480,"1,993.33","1,993.55","1,913.19","1,915.61",-77.01,-3.86,"2,325,641,022.25",7/11/2022
481,"2,031.87","2,033.06","1,988.96","1,992.62",-34.7,-1.71,"1,168,451,395.02",7/8/2022
482,"2,051.50","2,079.30","2,023.13","2,027.32",-16.6,-0.81,"1,806,204,764.98",7/7/2022
483,"2,036.46","2,046.92","1,995.18","2,043.92",13.33,0.66,"2,178,655,700.71",7/6/2022
484,"2,078.63","2,091.29","2,026.37","2,030.59",-46.08,-2.22,"2,968,485,223.95",7/5/2022
485,"2,095.62","2,148.16","2,059.25","2,076.67",-9.75,-0.47,"4,349,273,593.20",7/4/2022
486,"2,028.79","2,086.42","2,021.00","2,086.42",57.65,2.84,"2,480,473,998.90",7/3/2022
487,"2,041.94","2,053.39","2,016.75","2,028.77",-8.87,-0.44,"1,459,312,015.14",7/1/2022
488,"1,966.86","2,037.64","1,966.86","2,037.64",74.93,3.82,"2,458,619,494.89",6/30/2022
489,"1,925.74","1,963.48","1,915.44","1,962.71",41.39,2.15,"1,431,400,640.64",6/29/2022
490,"1,935.54","1,935.54","1,909.29","1,921.31",-11.82,-0.61,"1,058,263,522.26",6/28/2022
491,"1,967.30","1,985.91","1,931.64","1,933.13",-23.85,-1.22,"2,044,831,947.70",6/27/2022
492,"1,863.47","1,956.99","1,863.47","1,956.98",94.92,5.1,"2,196,141,848.83",6/26/2022
493,"1,848.38","1,878.97","1,807.18","1,862.06",13.78,0.75,"1,151,208,031.19",6/24/2022
494,"1,889.40","1,889.40","1,836.00","1,848.28",-45.25,-2.39,"1,499,709,634.92",6/23/2022
495,"1,925.46","1,926.07","1,890.07","1,893.53",-31.21,-1.62,"843,773,459.02",6/22/2022
496,"1,884.25","1,931.89","1,878.39","1,924.74",39.93,2.12,"1,253,757,714.92",6/21/2022
497,"1,934.03","1,934.08","1,880.01","1,884.81",-49.31,-2.55,"1,750,600,171.41",6/20/2022
498,"1,971.84","1,973.79","1,929.24","1,934.11",-37.27,-1.89,"1,134,091,212.35",6/19/2022
499,"1,981.21","1,990.88","1,967.23","1,971.38",-7.56,-0.38,"736,312,157.98",6/17/2022
500,"1,966.89","1,993.40","1,950.93","1,978.94",12.57,0.64,"1,187,145,518.65",6/16/2022
501,"1,999.05","1,999.05","1,946.47","1,966.37",-29.89,-1.5,"1,491,758,817.38",6/15/2022
502,"2,032.53","2,034.34","1,990.51","1,996.26",-36.07,-1.78,"1,185,546,179.44",6/14/2022
503,"2,049.31","2,052.29","2,027.22","2,032.34",-15.82,-0.77,"998,674,262.44",6/13/2022
504,"2,067.76","2,069.37","2,036.61","2,048.16",-14.64,-0.71,"894,124,114.10",6/10/2022
505,"2,082.45","2,115.59","2,058.52","2,062.81",-17.64,-0.85,"1,472,690,554.24",6/9/2022
506,"2,019.54","2,096.14","2,017.47","2,080.45",60.22,2.98,"1,640,356,608.04",6/8/2022
507,"2,065.19","2,065.19","2,016.81","2,020.23",-45.59,-2.21,"1,312,806,562.64",6/7/2022
508,"2,079.60","2,093.08","2,054.29","2,065.82",-12.89,-0.62,"1,273,385,276.82",6/6/2022
509,"2,113.13","2,117.03","2,072.08","2,078.71",-33.76,-1.6,"1,307,359,540.80",6/3/2022
510,"2,130.35","2,142.46","2,107.97","2,112.47",-18.26,-0.86,"1,161,514,168.66",6/2/2022
511,"2,138.06","2,154.03","2,119.53","2,130.73",-7.19,-0.34,"1,078,484,181.94",6/1/2022
512,"2,172.02","2,172.02","2,126.81","2,137.92",-35.53,-1.63,"1,317,699,089.62",5/31/2022
513,"2,227.43","2,232.23","2,175.91","2,173.44",-50.33,-2.26,"1,338,856,282.36",5/30/2022
514,"2,242.46","2,250.37","2,214.94","2,223.78",-15.82,-0.71,"1,298,905,589.57",5/27/2022
515,"2,240.61","2,245.18","2,222.90","2,239.60",8.03,0.36,"889,834,908.59",5/26/2022
516,"2,222.49","2,243.21","2,222.24","2,231.57",14.37,0.65,"1,044,626,939.45",5/25/2022
517,"2,203.14","2,227.36","2,190.69","2,217.19",16.32,0.74,"1,088,833,541.72",5/24/2022
518,"2,241.26","2,248.91","2,191.60","2,200.88",-34.21,-1.53,"1,369,513,191.50",5/23/2022
519,"2,251.49","2,258.26","2,231.46","2,235.09",-15.82,-0.7,"932,206,084.33",5/20/2022
520,"2,274.80","2,282.81","2,247.82","2,250.91",-23.51,-1.03,"1,300,981,996.43",5/19/2022
521,"2,262.99","2,281.82","2,238.04","2,274.42",8.9,0.39,"1,326,320,346.01",5/18/2022
522,"2,350.43","2,350.43","2,264.87","2,265.52",-84.9,-3.61,"1,644,096,192.85",5/17/2022
523,"2,373.38","2,388.49","2,343.95","2,350.42",-18.64,-0.79,"2,328,434,272.92",5/12/2022
524,"2,313.28","2,369.07","2,313.28","2,369.06",56.06,2.42,"2,163,990,743.33",5/11/2022
525,"2,269.36","2,313.00","2,269.20","2,313.00",44.16,1.95,"1,356,687,468.49",5/10/2022
526,"2,263.06","2,289.27","2,255.73","2,268.85",12.27,0.54,"1,390,607,701.93",5/9/2022
527,"2,238.81","2,256.58","2,204.47","2,256.58",17.95,0.8,"1,326,421,671.70",5/8/2022
528,"2,275.43","2,275.43","2,226.61","2,238.62",-37.06,-1.63,"1,654,561,472.53",5/5/2022
529,"2,310.51","2,312.07","2,269.87","2,275.69",-31.76,-1.38,"1,269,219,421.49",5/4/2022
530,"2,358.24","2,359.27","2,303.70","2,307.44",-48.73,-2.07,"1,423,498,292.37",5/2/2022
531,"2,380.16","2,390.11","2,351.57","2,356.17",-20,-0.84,"1,496,246,808.20",4/28/2022
532,"2,373.10","2,376.20","2,348.76","2,376.17",5.17,0.22,"1,089,992,035.93",4/27/2022
533,"2,386.04","2,401.57","2,358.82","2,370.99",-15.02,-0.63,"1,046,014,417.20",4/26/2022
534,"2,423.74","2,443.95","2,382.37","2,386.02",-34.95,-1.44,"2,042,253,182.30",4/25/2022
535,"2,331.51","2,430.07","2,331.51","2,420.97",95.52,4.11,"2,531,275,592.84",4/24/2022
536,"2,327.08","2,333.18","2,287.00","2,325.45",4.94,0.21,"1,629,168,847.89",4/21/2022
537,"2,364.47","2,367.03","2,317.01","2,320.52",-36.73,-1.56,"1,458,737,755.45",4/20/2022
538,"2,347.21","2,372.21","2,314.80","2,357.25",13.37,0.57,"1,326,865,931.83",4/19/2022
539,"2,386.66","2,387.12","2,342.04","2,343.87",-41.78,-1.75,"1,530,692,955.67",4/18/2022
540,"2,422.34","2,437.42","2,380.16","2,385.65",-29.6,-1.23,"1,440,723,182.32",4/17/2022
541,"2,385.24","2,415.25","2,367.02","2,415.25",30.24,1.27,"1,476,318,104.44",4/13/2022
542,"2,424.71","2,428.57","2,379.57","2,385.01",-34.79,-1.44,"1,524,364,418.10",4/12/2022
543,"2,471.81","2,508.88","2,416.22","2,419.80",-44.56,-1.81,"2,260,786,628.14",4/11/2022
544,"2,427.97","2,475.78","2,427.97","2,464.36",35.69,1.47,"2,121,511,279.53",4/7/2022
545,"2,451.81","2,457.61","2,417.08","2,428.66",-23.41,-0.95,"1,995,964,384.22",4/6/2022
546,"2,507.77","2,507.77","2,434.56","2,452.07",-46.46,-1.86,"2,671,232,388.39",4/5/2022
547,"2,517.41","2,525.24","2,497.48","2,498.53",-14.88,-0.59,"1,584,671,562.02",4/4/2022
548,"2,544.48","2,546.65","2,510.69","2,513.42",-30.89,-1.21,"1,460,773,729.18",4/3/2022
549,"2,568.76","2,584.22","2,538.78","2,544.31",-23.95,-0.93,"1,890,164,686.39",3/31/2022
550,"2,527.77","2,568.26","2,516.12","2,568.26",40.68,1.61,"2,250,117,296.35",3/30/2022
551,"2,542.65","2,561.98","2,520.19","2,527.58",-14.26,-0.56,"1,750,628,199.30",3/29/2022
552,"2,574.12","2,580.26","2,538.22","2,541.84",-30.43,-1.18,"2,545,321,813.93",3/28/2022
553,"2,623.20","2,641.51","2,569.02","2,572.26",-41.41,-1.58,"4,989,514,415.77",3/27/2022
554,"2,630.93","2,638.62","2,611.96","2,613.67",-16.69,-0.63,"3,248,943,824.64",3/24/2022
555,"2,651.41","2,653.24","2,623.08","2,630.36",-20.34,-0.77,"2,046,352,547.24",3/23/2022
556,"2,634.42","2,658.06","2,634.42","2,650.70",16.04,0.61,"2,518,894,178.29",3/22/2022
557,"2,620.13","2,634.66","2,601.36","2,634.66",18.07,0.69,"2,592,718,131.44",3/21/2022
558,"2,634.11","2,643.81","2,607.98","2,616.59",-14.67,-0.56,"2,274,626,190.52",3/20/2022
559,"2,653.57","2,660.64","2,626.02","2,631.25",-19.72,-0.74,"2,570,401,188.08",3/16/2022
560,"2,673.55","2,675.83","2,637.23","2,650.97",-17.15,-0.64,"3,364,229,175.35",3/15/2022
561,"2,677.97","2,682.57","2,650.42","2,668.11",0.15,0.01,"1,342,232,838.50",3/14/2022
562,"2,575.27","2,667.97","2,575.27","2,667.97",101.07,3.94,"4,870,715,387.13",3/13/2022
563,"2,512.04","2,566.90","2,499.03","2,566.90",52.31,2.08,"2,791,872,969.76",3/10/2022
564,"2,542.42","2,557.08","2,504.48","2,514.58",-30.36,-1.19,"2,352,317,142.03",3/9/2022
565,"2,542.66","2,566.29","2,538.44","2,544.94",1.55,0.06,"2,600,930,402.61",3/7/2022
566,"2,542.57","2,568.11","2,528.15","2,543.39",-3.66,-0.14,"2,493,241,272.52",3/6/2022
567,"2,612.51","2,612.51","2,542.77","2,547.04",-63.54,-2.43,"3,621,143,979.32",3/2/2022
568,"2,662.26","2,683.47","2,607.00","2,610.58",-43.12,-1.62,"3,660,189,867.56",2/28/2022
569,"2,660.39","2,680.39","2,638.64","2,653.70",-7.73,-0.29,"3,273,065,909.76",2/27/2022
570,"2,715.44","2,715.44","2,654.98","2,661.44",-58.99,-2.17,"4,293,864,191.66",2/24/2022
571,"2,732.48","2,747.18","2,716.44","2,720.43",-15.5,-0.57,"3,131,210,281.88",2/23/2022
572,"2,719.89","2,750.09","2,719.89","2,735.93",17.42,0.64,"3,212,887,822.11",2/22/2022
573,"2,695.26","2,718.81","2,694.16","2,718.51",25.41,0.94,"2,997,681,072.21",2/21/2022
574,"2,713.52","2,715.83","2,670.39","2,693.10",-39.4,-1.44,"4,086,474,828.31",2/20/2022
575,"2,735.33","2,745.21","2,723.77","2,732.51",-1.94,-0.07,"2,278,173,660.05",2/17/2022
576,"2,759.37","2,771.69","2,725.34","2,734.44",-19.84,-0.72,"3,026,330,784.14",2/16/2022
577,"2,703.35","2,754.29","2,703.35","2,754.29",53.3,1.97,"3,233,318,614.47",2/15/2022
578,"2,697.37","2,728.13","2,695.12","2,700.98",0.08,0,"3,684,009,915.07",2/14/2022
579,"2,783.89","2,783.89","2,697.78","2,700.89",-100.67,-3.59,"5,977,214,730.64",2/13/2022
580,"2,813.33","2,825.33","2,791.10","2,801.56",-11.96,-0.43,"3,829,533,350.00",2/10/2022
581,"2,837.33","2,837.33","2,800.08","2,813.52",-22.06,-0.78,"3,471,109,182.00",2/9/2022
582,"2,877.58","2,921.18","2,826.35","2,835.58",-16.3,-0.57,"6,287,217,985.00",2/8/2022
583,"2,834.26","2,853.78","2,822.88","2,851.88",15.71,0.55,"5,022,017,181.00",2/7/2022
584,"2,877.04","2,877.04","2,829.17","2,836.17",-40.57,-1.41,"5,836,414,510.47",2/6/2022
585,"2,898.61","2,925.05","2,871.82","2,876.74",-14.6,-0.5,"8,612,174,162.00",2/3/2022
586,"2,875.74","2,896.47","2,856.68","2,891.33",19.29,0.67,"6,574,842,418.00",2/1/2022
587,"2,895.77","2,907.61","2,860.92","2,872.05",-13.48,-0.47,"5,154,177,598.00",1/31/2022
588,"2,805.01","2,885.53","2,805.01","2,885.53",105.55,3.8,"6,324,274,039.00",1/30/2022
589,"2,778.89","2,803.75","2,776.88","2,779.98",3.33,0.12,"3,343,413,684.00",1/27/2022
590,"2,817.17","2,819.74","2,761.28","2,776.65",-38.42,-1.36,"4,313,154,042.17",1/26/2022
591,"2,827.75","2,857.61","2,781.48","2,815.06",-5.59,-0.2,"5,395,672,627.02",1/25/2022
592,"2,926.12","2,926.12","2,804.07","2,820.65",-99.86,-3.42,"8,888,513,178.00",1/24/2022
593,"2,942.97","2,961.93","2,906.28","2,920.51",-10.83,-0.37,"7,030,508,263.00",1/23/2022
594,"2,901.51","2,931.34","2,884.91","2,931.34",33.03,1.14,"5,773,120,409.17",1/20/2022
595,"2,945.63","2,950.14","2,890.00","2,898.31",-38.35,-1.31,"6,021,311,881.03",1/19/2022
596,"2,953.11","2,981.35","2,916.06","2,936.66",-10.78,-0.37,"8,443,419,561.86",1/18/2022
597,"2,944.92","2,955.60","2,907.95","2,947.43",20.69,0.71,"7,901,890,668.00",1/17/2022
598,"2,873.42","2,940.13","2,873.42","2,926.74",69,2.41,"9,676,317,059.00",1/16/2022
599,"2,808.80","2,857.75","2,802.80","2,857.75",54.12,1.93,"6,669,748,567.76",1/13/2022
600,"2,839.87","2,874.80","2,796.66","2,803.62",-30.51,-1.08,"8,033,212,742.00",1/12/2022
601,"2,792.63","2,847.38","2,771.64","2,834.13",49.19,1.77,"6,724,526,197.50",1/11/2022
602,"2,772.09","2,804.84","2,756.03","2,784.95",19.43,0.7,"7,123,424,035.00",1/10/2022
603,"2,699.87","2,770.06","2,699.87","2,765.51",73.05,2.71,"7,101,831,591.11",1/9/2022
604,"2,647.76","2,692.47","2,633.91","2,692.47",43.29,1.63,"3,676,846,349.00",1/6/2022
605,"2,687.75","2,699.94","2,641.61","2,649.18",-30.77,-1.15,"4,621,598,583.00",1/5/2022
606,"2,619.22","2,679.95","2,594.22","2,679.95",63.01,2.41,"4,320,269,828.00",1/4/2022
607,"2,595.22","2,634.54","2,594.04","2,616.94",32.03,1.24,"4,533,017,178.57",1/3/2022
608,"2,538.25","2,584.91","2,529.88","2,584.91",60.41,2.39,"4,126,980,067.52",1/2/2022
609,"2,520.55","2,538.65","2,513.14","2,524.50",5.51,0.22,"3,623,480,292.00",12/29/2021
610,"2,523.87","2,533.26","2,487.41","2,518.99",-2.66,-0.11,"3,125,575,632.00",12/28/2021
611,"2,600.21","2,615.47","2,518.80","2,521.65",-69.77,-2.69,"5,607,439,671.00",12/27/2021
612,"2,531.43","2,595.71","2,531.43","2,591.42",71.2,2.82,"5,173,200,503.00",12/26/2021
613,"2,522.51","2,542.11","2,485.55","2,520.23",12.53,0.5,"4,490,266,410.00",12/23/2021
614,"2,425.05","2,508.46","2,425.05","2,507.70",92.16,3.82,"4,523,338,143.00",12/22/2021
615,"2,360.33","2,415.55","2,360.33","2,415.55",56.73,2.41,"2,383,259,847.00",12/21/2021
616,"2,390.81","2,390.81","2,346.96","2,358.81",-17.93,-0.75,"2,464,689,863.00",12/20/2021
617,"2,415.77","2,417.21","2,372.87","2,376.74",-37.87,-1.57,"2,301,751,968.00",12/16/2021
618,"2,433.20","2,490.62","2,379.30","2,414.62",-4.23,-0.17,"4,588,390,678.00",12/15/2021
619,"2,283.67","2,418.85","2,283.67","2,418.85",137.18,6.01,"1,842,647,144.00",12/14/2021
620,"2,351.93","2,351.93","2,259.63","2,281.67",-79.57,-3.37,"3,995,604,178.00",12/13/2021
621,"2,448.66","2,455.56","2,360.67","2,361.27",-88.7,-3.62,"3,382,509,520.00",12/12/2021
622,"2,454.41","2,464.70","2,428.84","2,449.97",-5.84,-0.24,"2,673,308,792.00",12/9/2021
623,"2,508.28","2,511.60","2,448.91","2,455.80",-53.1,-2.12,"2,663,909,620.00",12/8/2021
624,"2,549.36","2,590.39","2,506.61","2,508.90",-37.18,-1.46,"3,128,341,700.27",12/7/2021
625,"2,508.96","2,548.98","2,440.24","2,546.08",32.22,1.28,"4,542,345,271.00",12/6/2021
626,"2,586.82","2,586.95","2,505.13","2,513.87",-72.32,-2.8,"4,090,765,325.00",12/5/2021
627,"2,633.63","2,641.96","2,580.68","2,586.19",-47.47,-1.8,"3,413,589,126.00",12/2/2021
628,"2,628.68","2,649.80","2,628.68","2,633.65",5.28,0.2,"2,742,085,704.00",12/1/2021
629,"2,630.32","2,647.85","2,604.43","2,628.37",-1.6,-0.06,"3,089,041,991.00",11/30/2021
630,"2,650.54","2,677.63","2,622.32","2,629.97",-21.51,-0.81,"4,008,937,133.00",11/29/2021
631,"2,730.75","2,730.75","2,644.91","2,651.49",-80.29,-2.94,"5,835,135,055.00",11/28/2021
632,"2,736.84","2,746.06","2,721.38","2,731.78",-3.22,-0.12,"3,789,709,331.00",11/25/2021
633,"2,737.09","2,742.35","2,694.62","2,735.00",1.89,0.07,"4,217,415,337.00",11/24/2021
634,"2,765.67","2,765.67","2,720.03","2,733.12",-32.31,-1.17,"4,165,896,578.00",11/23/2021
635,"2,758.99","2,777.86","2,758.98","2,765.43",7.9,0.29,"3,929,261,627.00",11/22/2021
636,"2,771.75","2,779.84","2,750.01","2,757.53",-11.6,-0.42,"4,357,309,319.00",11/21/2021
637,"2,806.13","2,808.72","2,760.79","2,769.13",-32.39,-1.16,"6,271,867,230.00",11/18/2021
638,"2,795.19","2,825.89","2,795.19","2,801.52",16.95,0.61,"7,379,446,820.00",11/17/2021
639,"2,720.59","2,784.58","2,717.92","2,784.58",69.22,2.55,"5,521,650,856.75",11/16/2021
640,"2,688.06","2,728.32","2,685.81","2,715.35",26.44,0.98,"4,734,651,444.00",11/15/2021
641,"2,694.05","2,704.47","2,668.82","2,688.92",-1.38,-0.05,"4,096,219,525.40",11/14/2021
642,"2,750.03","2,750.03","2,687.83","2,690.29",-59.57,-2.17,"5,119,602,540.00",11/11/2021
643,"2,831.00","2,831.81","2,730.44","2,749.85",-79.79,-2.82,"6,527,729,547.00",11/9/2021
644,"2,854.38","2,862.96","2,821.73","2,829.64",-19.2,-0.67,"4,420,719,103.00",11/8/2021
645,"2,858.74","2,877.81","2,837.81","2,848.84",5.22,0.18,"6,553,059,152.00",11/3/2021
646,"2,824.83","2,845.06","2,789.59","2,843.62",23.76,0.84,"6,073,716,888.00",11/2/2021
647,"2,852.32","2,865.81","2,804.84","2,819.86",-17.75,-0.63,"7,777,510,778.00",11/1/2021
648,"2,785.95","2,837.74","2,776.05","2,837.61",55.5,1.99,"7,823,226,493.00",10/31/2021
649,"2,768.88","2,783.67","2,747.59","2,782.16",13.04,0.47,"5,395,268,628.00",10/28/2021
650,"2,753.40","2,806.65","2,717.57","2,769.13",18.06,0.66,"6,612,648,840.00",10/27/2021
651,"2,678.86","2,751.09","2,678.86","2,751.07",78.82,2.95,"6,318,340,932.00",10/26/2021
652,"2,588.75","2,672.25","2,588.75","2,672.25",87.63,3.39,"4,308,895,575.00",10/25/2021
653,"2,557.00","2,587.36","2,546.39","2,584.52",27.51,1.08,"2,773,420,135.00",10/24/2021
654,"2,573.05","2,585.21","2,543.11","2,556.95",-14.7,-0.57,"2,635,390,460.00",10/21/2021
655,"2,522.20","2,589.46","2,522.20","2,571.66",60.56,2.41,"2,679,028,155.00",10/20/2021
656,"2,588.24","2,588.24","2,482.14","2,510.73",-77.33,-2.99,"3,783,422,995.00",10/19/2021
657,"2,656.04","2,656.04","2,582.71","2,587.45",-69.51,-2.62,"2,966,899,791.00",10/18/2021
658,"2,644.41","2,665.42","2,625.13","2,656.96",17.59,0.67,"1,497,375,371.00",10/17/2021
659,"2,667.59","2,669.51","2,616.75","2,639.37",-23.19,-0.87,"3,639,468,093.00",10/11/2021
660,"2,687.19","2,718.53","2,654.75","2,662.58",-18.53,-0.69,"4,498,043,581.00",10/10/2021
661,"2,614.74","2,681.10","2,614.74","2,681.10",68.47,2.62,"4,500,658,142.00",10/6/2021
662,"2,569.79","2,619.85","2,569.79","2,612.65",41.84,1.63,"2,996,819,683.00",10/5/2021
663,"2,577.36","2,596.31","2,542.11","2,570.81",-6.68,-0.26,"3,627,799,935.00",10/4/2021
664,"2,637.36","2,640.41","2,573.31","2,577.49",-55.93,-2.12,"4,113,814,246.00",10/3/2021
665,"2,667.45","2,687.02","2,630.58","2,633.42",-32.51,-1.22,"3,700,029,507.00",9/30/2021
666,"2,616.78","2,665.93","2,579.82","2,665.93",50.58,1.93,"5,028,555,092.00",9/29/2021
667,"2,683.60","2,694.97","2,602.38","2,615.40",-70.01,-2.61,"5,745,488,179.00",9/28/2021
668,"2,762.60","2,769.10","2,678.36","2,685.41",-73.05,-2.65,"5,120,973,096.00",9/27/2021
669,"2,836.36","2,844.09","2,756.51","2,758.48",-61.27,-2.17,"6,500,117,780.00",9/26/2021
670,"2,833.52","2,882.32","2,804.53","2,819.65",2.7,0.1,"7,726,371,029.00",9/23/2021
671,"2,719.91","2,818.86","2,719.91","2,816.95",104.88,3.87,"6,179,300,158.00",9/22/2021
672,"2,693.42","2,766.41","2,615.49","2,712.07",13.83,0.51,"7,364,798,652.00",9/21/2021
673,"2,817.98","2,818.49","2,698.24","2,698.24",-114.02,-4.05,"8,493,401,009.00",9/20/2021
674,"2,889.21","2,889.21","2,795.51","2,812.38",-76.65,-2.65,"9,033,900,623.00",9/16/2021
675,"2,933.23","2,936.77","2,882.10","2,889.03",-40.26,-1.37,"5,358,097,251.00",9/15/2021
676,"2,950.37","2,963.65","2,916.77","2,929.28",-18.54,-0.63,"5,195,295,443.00",9/14/2021
677,"2,962.81","2,984.28","2,939.96","2,947.69",0.27,0.01,"9,290,554,155.00",9/13/2021
678,"2,887.50","2,947.42","2,887.50","2,947.42",71.43,2.48,"9,440,035,244.00",9/12/2021
679,"2,880.54","2,911.82","2,866.05","2,875.97",-0.62,-0.02,"7,050,770,070.00",9/9/2021
680,"2,940.91","2,940.91","2,874.07","2,876.59",-60.02,-2.04,"6,646,623,427.00",9/8/2021
681,"2,999.62","3,001.10","2,913.01","2,936.60",-44.18,-1.48,"7,495,812,161.00",9/7/2021
682,"2,816.93","2,980.79","2,805.00","2,980.78",161.94,5.74,"9,826,222,807.00",9/6/2021
683,"2,928.80","2,928.80","2,779.33","2,818.72",-108.26,-3.7,"11,240,391,045.00",9/5/2021
684,"2,976.17","2,993.40","2,916.26","2,926.89",-50.13,-1.68,"9,505,970,822.00",9/2/2021
685,"2,977.28","3,018.64","2,961.12","2,977.02",1.18,0.04,"9,351,799,655.00",9/1/2021
686,"3,047.26","3,047.26","2,970.51","2,975.84",-69.05,-2.27,"13,259,696,107.00",8/31/2021
687,"3,105.74","3,115.80","3,039.03","3,044.86",-49.18,-1.59,"15,651,244,505.00",8/29/2021
688,"3,085.04","3,107.57","3,069.88","3,094.05",17.6,0.57,"13,421,974,792.00",8/26/2021
689,"3,126.02","3,126.02","3,068.90","3,076.45",-48.42,-1.55,"12,092,103,504.00",8/25/2021
690,"3,186.47","3,186.47","3,122.31","3,124.87",-56.03,-1.76,"16,124,468,060.00",8/24/2021
691,"3,208.53","3,226.89","3,178.58","3,180.78",-18.24,-0.57,"20,499,210,767.00",8/19/2021
692,"3,172.29","3,220.33","3,154.10","3,198.60",38.28,1.21,"21,313,489,269.00",8/18/2021
693,"3,165.69","3,176.31","3,154.98","3,160.31",0.23,0.01,"18,204,939,237.00",8/17/2021
694,"3,165.09","3,169.18","3,138.10","3,160.05",5.72,0.18,"15,930,897,938.00",8/16/2021
695,"3,170.65","3,187.14","3,105.32","3,154.03",-24.88,-0.78,"21,647,600,655.00",8/15/2021
696,"3,172.75","3,188.93","3,167.79","3,179.00",16.41,0.52,"17,513,276,115.00",8/12/2021
697,"3,172.54","3,197.00","3,158.73","3,162.59",0.94,0.03,"15,455,941,754.00",8/11/2021
698,"3,120.29","3,164.34","3,114.77","3,161.44",51.86,1.67,"17,846,147,279.00",8/10/2021
699,"3,113.95","3,121.72","3,098.90","3,109.66",1.54,0.05,"14,137,338,881.00",8/9/2021
700,"3,117.02","3,121.14","3,099.18","3,108.12",0.66,0.02,"14,308,136,887.00",8/8/2021
701,"3,130.54","3,136.79","3,102.08","3,107.45",-16,-0.51,"14,316,249,965.00",8/5/2021
702,"3,126.99","3,140.38","3,121.13","3,123.24",12.15,0.39,"15,595,794,271.00",8/4/2021
703,"3,094.24","3,111.09","3,092.61","3,111.09",26.02,0.84,"11,529,217,775.00",8/3/2021
704,"3,087.91","3,100.80","3,079.48","3,085.07",4.06,0.13,"10,983,599,094.00",8/2/2021
705,"3,088.44","3,097.67","3,075.90","3,081.05",1.25,0.04,"12,103,871,862.00",8/1/2021
706,"3,103.53","3,107.00","3,076.75","3,079.83",-15.11,-0.49,"10,905,830,064.00",7/29/2021
707,"3,088.45","3,111.28","3,076.04","3,094.94",15.3,0.5,"13,291,954,535.00",7/28/2021
708,"3,030.51","3,085.80","3,002.10","3,079.67",29.24,0.96,"15,170,651,643.00",7/27/2021
709,"3,072.92","3,075.51","3,041.94","3,050.42",-8.24,-0.27,"14,139,785,431.00",7/26/2021
710,"3,017.56","3,058.63","3,017.56","3,058.63",54.31,1.81,"14,232,417,472.00",7/25/2021
711,"2,990.90","3,018.27","2,987.45","3,004.31",18.75,0.63,"11,114,121,616.00",7/22/2021
712,"3,005.43","3,005.43","2,975.71","2,985.57",-9.01,-0.3,"7,897,594,269.00",7/20/2021
713,"3,003.47","3,031.87","2,981.91","2,994.58",13.97,0.47,"11,813,754,607.00",7/19/2021
714,"2,892.47","2,980.61","2,892.47","2,980.61",97.21,3.37,"11,638,126,493.00",7/18/2021
715,"2,885.40","2,890.20","2,877.32","2,883.38",11.33,0.39,"8,143,614,302.00",7/15/2021
716,"2,882.06","2,883.19","2,857.87","2,872.05",1.01,0.04,"5,654,576,205.00",7/14/2021
717,"2,867.15","2,884.09","2,847.34","2,871.03",16.34,0.57,"5,546,356,224.00",7/13/2021
718,"2,915.56","2,929.70","2,843.17","2,854.76",-45.06,-1.55,"9,980,026,527.00",7/12/2021
719,"2,845.43","2,899.82","2,845.43","2,899.82",74.71,2.64,"8,061,382,496.00",7/11/2021
720,"2,815.28","2,832.54","2,793.43","2,825.10",23.97,0.86,"4,815,520,294.00",7/8/2021
721,"2,815.49","2,825.74","2,794.38","2,801.13",-16.97,-0.6,"4,585,861,976.00",7/7/2021
722,"2,829.99","2,834.77","2,813.39","2,818.10",-5.24,-0.19,"4,224,018,255.00",7/6/2021
723,"2,845.50","2,846.70","2,814.82","2,822.73",-11.78,-0.42,"4,582,212,579.00",7/5/2021
724,"2,852.24","2,857.63","2,832.56","2,834.51",-8.48,-0.3,"5,053,538,257.00",7/4/2021
725,"2,833.52","2,867.02","2,833.52","2,843.00",19.12,0.68,"6,707,775,484.00",7/1/2021
726,"2,835.66","2,844.02","2,782.21","2,823.87",-4.13,-0.15,"5,838,551,435.00",6/30/2021
727,"2,880.33","2,888.39","2,823.74","2,828.00",-47.49,-1.65,"6,726,361,869.00",6/29/2021
728,"2,898.42","2,900.89","2,861.58","2,875.49",5.11,0.18,"7,725,512,716.00",6/28/2021
729,"2,856.05","2,882.62","2,835.51","2,870.38",27.38,0.96,"7,167,432,728.00",6/27/2021
730,"2,871.65","2,872.51","2,833.53","2,843.00",-16.96,-0.59,"7,033,603,740.00",6/24/2021
731,"2,939.04","2,939.04","2,857.17","2,862.18",-51.65,-1.77,"8,362,671,681.00",6/23/2021
732,"2,844.70","2,913.84","2,825.03","2,913.84",79.44,2.8,"10,286,269,957.00",6/22/2021
733,"2,924.07","2,924.07","2,828.73","2,834.40",-71.06,-2.45,"11,845,454,604.00",6/21/2021
734,"2,975.25","2,978.26","2,881.01","2,905.14",-63.28,-2.13,"11,819,428,289.00",6/20/2021
735,"2,982.87","2,989.53","2,945.42","2,968.43",-1.29,-0.04,"10,904,958,935.00",6/17/2021
736,"2,989.55","3,030.43","2,943.95","2,969.69",-52.41,-1.73,"15,484,479,319.00",6/16/2021
737,"3,061.81","3,063.06","3,013.77","3,022.10",-3.72,-0.12,"16,528,749,739.00",6/15/2021
738,"3,009.46","3,051.02","3,009.46","3,025.82",42.72,1.43,"18,884,031,519.00",6/14/2021
739,"2,965.77","2,983.10","2,957.33","2,983.10",38.32,1.3,"19,550,166,636.00",6/13/2021
740,"2,968.09","2,969.35","2,926.15","2,944.78",-1.8,-0.06,"16,100,412,436.00",6/10/2021
741,"2,995.08","3,005.00","2,934.98","2,946.58",-13.56,-0.46,"16,997,092,703.00",6/9/2021
742,"2,931.17","2,960.14","2,926.51","2,960.14",53.44,1.84,"16,951,299,040.00",6/8/2021
743,"2,928.09","2,932.39","2,892.98","2,906.70",-0.21,-0.01,"15,818,659,063.00",6/7/2021
744,"2,884.07","2,919.10","2,884.74","2,906.89",50.13,1.75,"17,271,787,525.00",6/6/2021
745,"2,833.84","2,875.04","2,833.84","2,856.67",29.55,1.05,"16,907,020,286.00",6/3/2021
746,"2,793.22","2,827.12","2,771.42","2,827.12",55.76,2.01,"11,351,815,356.00",6/2/2021
747,"2,790.71","2,799.07","2,751.44","2,771.15",-11.68,-0.42,"8,598,160,117.00",6/1/2021
748,"2,842.28","2,849.26","2,781.69","2,782.68",-45.25,-1.6,"13,909,113,291.00",5/31/2021
749,"2,836.11","2,854.48","2,815.86","2,827.93",12.54,0.45,"17,028,432,245.00",5/30/2021
750,"2,784.59","2,835.39","2,763.19","2,815.39",-1.2,-0.04,"14,768,808,492.00",5/27/2021
751,"2,828.06","2,836.10","2,804.44","2,816.56",-6.5,-0.23,"11,133,398,108.00",5/25/2021
752,"2,840.21","2,850.55","2,807.95","2,823.06",3.07,0.11,"13,175,353,188.00",5/24/2021
753,"2,768.86","2,820.00","2,738.70","2,820.00",32.81,1.18,"11,695,034,728.00",5/23/2021
754,"2,807.52","2,807.52","2,776.17","2,787.18",6.37,0.23,"9,305,222,004.00",5/20/2021
755,"2,816.26","2,821.86","2,769.72","2,780.81",-13.09,-0.47,"11,958,097,411.00",5/19/2021
756,"2,780.70","2,794.28","2,767.25","2,793.89",34.68,1.26,"11,359,360,092.00",5/18/2021
757,"2,748.83","2,770.86","2,748.04","2,759.21",20.91,0.76,"9,576,361,139.00",5/17/2021
758,"2,693.90","2,738.29","2,693.90","2,738.29",54.21,2.02,"10,026,628,116.00",5/16/2021
759,"2,701.82","2,701.82","2,679.18","2,684.01",10.13,0.38,"7,126,885,280.00",5/13/2021
760,"2,685.40","2,687.34","2,664.32","2,673.88",0.56,0.02,"5,326,052,801.00",5/12/2021
761,"2,647.48","2,680.62","2,645.77","2,673.32",27.47,1.04,"5,810,673,071.00",5/11/2021
762,"2,613.17","2,646.76","2,608.13","2,645.85",27.41,1.05,"4,203,832,789.00",5/10/2021
763,"2,652.58","2,652.58","2,613.78","2,618.56",-18.56,-0.7,"6,148,966,772.00",5/9/2021
764,"2,658.69","2,658.69","2,626.38","2,637.13",-12.47,-0.47,"6,810,091,453.00",5/6/2021
765,"2,675.95","2,675.95","2,648.74","2,649.60",-5.09,-0.19,"6,216,814,313.00",5/5/2021
766,"2,652.27","2,663.39","2,640.63","2,654.69",1.94,0.07,"6,052,236,811.00",5/4/2021
767,"2,676.45","2,692.89","2,645.80","2,652.75",-12.35,-0.46,"7,529,290,146.00",5/3/2021
768,"2,627.81","2,665.10","2,611.03","2,665.11",54,2.07,"7,360,800,500.00",5/2/2021
769,"2,601.21","2,611.37","2,583.18","2,611.10",25.82,1,"4,357,019,249.00",4/29/2021
770,"2,606.56","2,622.43","2,564.73","2,585.28",-13.79,-0.53,"3,990,431,236.00",4/28/2021
771,"2,506.52","2,599.08","2,506.52","2,599.07",92.46,3.69,"5,109,096,957.00",4/27/2021
772,"2,571.49","2,579.18","2,501.38","2,506.61",-65.58,-2.55,"6,590,928,202.00",4/26/2021
773,"2,664.69","2,664.70","2,564.43","2,572.22",-75.79,-2.86,"7,284,194,901.00",4/25/2021
774,"2,647.11","2,650.14","2,609.75","2,648.00",15.8,0.6,"5,915,139,888.00",4/22/2021
775,"2,674.82","2,674.82","2,625.92","2,632.20",-32.41,-1.22,"5,772,251,203.00",4/21/2021
776,"2,673.24","2,684.55","2,646.43","2,664.61",2.68,0.1,"5,538,617,640.00",4/20/2021
777,"2,715.83","2,716.18","2,656.63","2,661.93",-37.58,-1.39,"6,766,801,224.00",4/19/2021
778,"2,759.89","2,759.89","2,697.88","2,699.51",-35.89,-1.31,"8,801,803,215.00",4/18/2021
779,"2,735.40","2,755.00","2,732.41","2,735.46",20.67,0.76,"8,636,668,659.00",4/15/2021
780,"2,698.07","2,714.79","2,688.48","2,714.79",23.23,0.86,"7,143,151,000.00",4/13/2021
781,"2,681.60","2,693.70","2,671.89","2,691.55",17.2,0.64,"7,610,828,050.00",4/12/2021
782,"2,690.12","2,690.12","2,672.48","2,674.35",2.74,0.1,"6,556,616,680.00",4/8/2021
783,"2,694.54","2,694.54","2,668.34","2,671.61",-2.85,-0.11,"7,266,972,570.00",4/7/2021
784,"2,675.57","2,675.57","2,642.17","2,674.46",15.72,0.59,"7,477,795,738.00",4/6/2021
785,"2,679.38","2,681.76","2,639.92","2,658.74",1.13,0.04,"7,296,760,156.00",4/5/2021
786,"2,658.30","2,658.55","2,646.59","2,657.61",25.72,0.98,"9,006,858,558.00",4/4/2021
787,"2,645.49","2,645.49","2,615.43","2,631.89",12.86,0.49,"7,250,924,124.00",4/1/2021
788,"2,596.66","2,619.02","2,592.99","2,619.03",43.36,1.68,"6,166,957,318.00",3/31/2021
789,"2,545.54","2,575.95","2,545.54","2,575.67",32.15,1.26,"6,185,679,498.00",3/30/2021
790,"2,558.23","2,562.03","2,537.82","2,543.52",-5.45,-0.21,"4,410,345,030.00",3/29/2021
791,"2,584.79","2,594.25","2,544.15","2,548.97",-21.29,-0.83,"6,500,806,040.00",3/25/2021
792,"2,550.07","2,570.26","2,550.07","2,570.25",41.3,1.63,"6,674,423,941.00",3/24/2021
793,"2,524.43","2,531.04","2,496.38","2,528.95",14.57,0.58,"5,141,897,169.00",3/23/2021
794,"2,564.07","2,568.07","2,509.38","2,514.39",-24.08,-0.95,"5,351,353,625.00",3/22/2021
795,"2,494.48","2,538.46","2,492.90","2,538.46",63.38,2.56,"5,919,824,569.00",3/21/2021
796,"2,448.72","2,476.36","2,441.65","2,475.09",42.95,1.77,"4,661,792,187.00",3/18/2021
797,"2,399.21","2,432.14","2,390.42","2,432.14",40.4,1.69,"3,374,552,178.00",3/17/2021
798,"2,400.04","2,416.84","2,369.66","2,391.74",2.56,0.11,"3,375,699,339.00",3/16/2021
799,"2,418.51","2,432.17","2,380.16","2,389.19",-18.07,-0.75,"4,248,424,066.00",3/15/2021
800,"2,466.26","2,467.20","2,397.52","2,407.25",-51.23,-2.08,"4,952,722,195.00",3/14/2021
801,"2,476.93","2,477.71","2,446.33","2,458.48",-3.4,-0.14,"4,100,406,337.00",3/10/2021
802,"2,494.05","2,494.05","2,453.53","2,461.88",-23.22,-0.93,"4,752,708,147.00",3/9/2021
803,"2,519.96","2,525.30","2,473.57","2,485.09",-21.58,-0.86,"5,005,466,480.00",3/7/2021
804,"2,425.20","2,506.68","2,427.25","2,506.68",90.67,3.75,"6,058,104,317.00",3/4/2021
805,"2,449.23","2,428.88","2,391.40","2,416.00",-39.23,-1.6,"6,254,809,442.00",3/3/2021
806,"2,523.45","2,529.64","2,437.25","2,455.33",-59.7,-2.37,"6,119,638,669.00",3/2/2021
807,"2,488.33","2,524.40","2,442.60","2,515.03",40.64,1.64,"5,692,316,831.00",3/1/2021
808,"2,557.79","2,559.43","2,474.39","2,474.39",-79.74,-3.12,"8,355,289,814.00",2/28/2021
809,"2,622.70","2,622.77","2,547.84","2,554.13",-44.94,-1.73,"6,098,188,414.00",2/25/2021
810,"2,600.32","2,620.45","2,498.58","2,599.07",12.56,0.49,"6,701,872,439.00",2/24/2021
811,"2,627.33","2,627.33","2,519.41","2,586.51",-21.16,-0.81,"8,561,539,426.00",2/23/2021
812,"2,665.86","2,673.85","2,603.86","2,607.67",-32.67,-1.24,"8,406,310,671.00",2/22/2021
813,"2,667.27","2,667.59","2,619.58","2,640.34",3.66,0.14,"8,834,603,967.00",2/21/2021
814,"2,634.47","2,642.47","2,619.17","2,636.68",25.23,0.97,"8,762,146,785.00",2/18/2021
815,"2,619.80","2,623.64","2,596.19","2,611.45",9.94,0.38,"8,035,510,844.00",2/17/2021
816,"2,615.36","2,631.37","2,584.14","2,601.51",15.5,0.6,"10,035,454,955.00",2/16/2021
817,"2,517.46","2,586.01","2,538.22","2,586.01",92.42,3.71,"10,384,197,669.00",2/15/2021
818,"2,536.47","2,536.47","2,482.24","2,493.59",-33.33,-1.32,"6,927,668,931.00",2/14/2021
819,"2,552.33","2,565.13","2,524.81","2,526.92",-16.11,-0.63,"8,411,732,003.00",2/11/2021
820,"2,544.80","2,547.76","2,511.03","2,543.03",8.66,0.34,"7,649,411,398.00",2/10/2021
821,"2,562.43","2,585.15","2,524.44","2,534.37",-27.11,-1.06,"8,146,269,193.00",2/9/2021
822,"2,553.78","2,563.29","2,538.83","2,561.47",37.48,1.48,"10,619,163,869.00",2/8/2021
823,"2,486.79","2,524.00","2,486.79","2,524.00",48.74,1.97,"10,441,951,304.00",2/7/2021
824,"2,479.60","2,481.59","2,443.68","2,475.26",8.34,0.34,"7,615,071,093.00",2/4/2021
825,"2,490.53","2,519.85","2,457.99","2,466.92",-6.81,-0.28,"9,531,716,496.00",2/3/2021
826,"2,434.48","2,473.73","2,429.90","2,473.73",65.49,2.72,"8,593,472,987.00",2/2/2021
827,"2,372.04","2,413.18","2,372.04","2,408.24",37.7,1.59,"6,972,936,529.00",2/1/2021
828,"2,425.53","2,425.53","2,366.46","2,370.54",-54.75,-2.26,"8,973,206,450.00",1/31/2021
829,"2,460.83","2,460.83","2,420.64","2,425.29",-16.55,-0.68,"9,898,456,128.00",1/28/2021
830,"2,433.74","2,449.42","2,416.62","2,441.85",18.76,0.77,"8,006,238,770.00",1/27/2021
831,"2,461.42","2,462.28","2,419.89","2,423.09",-17.79,-0.73,"8,279,701,077.00",1/26/2021
832,"2,447.01","2,456.22","2,408.87","2,440.87",16.04,0.66,"8,903,538,731.00",1/25/2021
833,"2,396.74","2,429.11","2,396.74","2,424.84",50.2,2.11,"9,376,053,220.00",1/24/2021
834,"2,372.86","2,376.13","2,354.70","2,374.64",31.87,1.36,"7,798,528,433.00",1/21/2021
835,"2,361.52","2,362.99","2,322.72","2,342.76",15.87,0.68,"6,210,966,026.00",1/20/2021
836,"2,361.99","2,362.86","2,304.98","2,326.90",-5.57,-0.24,"7,467,439,848.00",1/19/2021
837,"2,333.87","2,340.57","2,319.58","2,332.31",17.31,0.75,"6,314,664,167.00",1/18/2021
838,"2,299.33","2,316.80","2,297.50","2,315.00",28.46,1.24,"6,374,267,782.00",1/17/2021
839,"2,279.04","2,296.17","2,277.26","2,286.54",18.81,0.83,"5,914,389,261.00",1/13/2021
840,"2,243.16","2,267.73","2,233.61","2,267.73",28.31,1.26,"4,982,391,897.00",1/12/2021
841,"2,264.27","2,266.44","2,229.13","2,239.42",3.7,0.17,"5,524,832,993.00",1/11/2021
842,"2,201.38","2,238.24","2,201.38","2,235.72",41.24,1.88,"6,326,646,806.00",1/10/2021
843,"2,181.27","2,204.97","2,179.09","2,194.48",15.91,0.73,"5,874,708,279.00",1/7/2021
844,"2,170.82","2,185.20","2,170.31","2,178.57",13.07,0.6,"4,425,472,339.00",1/6/2021
845,"2,167.82","2,182.39","2,149.74","2,165.49",-3.54,-0.16,"4,566,381,178.00",1/5/2021
846,"2,207.05","2,216.44","2,154.00","2,169.04",-6.36,-0.29,"5,961,733,122.00",1/4/2021
847,"2,104.85","2,175.39","2,104.85","2,175.39",88.12,4.22,"6,344,017,889.00",1/3/2021
848,"2,079.37","2,112.59","2,073.80","2,087.27",25.21,1.22,"5,703,469,837.00",12/31/2020
849,"2,023.59","2,062.06","2,023.40","2,062.06",49.17,2.44,"4,446,222,579.00",12/30/2020
850,"2,016.26","2,031.47","2,009.38","2,012.89",5.57,0.28,"4,092,227,802.00",12/29/2020
851,"1,998.81","2,013.51","1,981.50","2,007.29",8.57,0.43,"3,850,320,045.00",12/28/2020
852,"2,047.12","2,047.19","1,994.80","1,998.65",-39.98,-1.96,"4,623,452,312.00",12/27/2020
853,"2,091.59","2,091.59","2,025.65","2,038.63",-29.83,-1.44,"5,369,046,322.00",12/24/2020
854,"2,094.27","2,127.22","2,063.13","2,068.45",7.04,0.34,"6,862,445,215.00",12/23/2020
855,"1,987.47","2,061.41","1,987.47","2,061.41",95.46,4.86,"6,740,744,432.00",12/22/2020
856,"1,919.05","1,977.42","1,874.07","1,965.96",30.33,1.57,"6,698,874,354.00",12/21/2020
857,"2,046.57","2,046.57","1,935.40","1,935.63",-96.88,-4.77,"8,612,857,317.00",12/20/2020
858,"2,058.72","2,059.80","2,025.19","2,032.51",-22.7,-1.1,"6,769,890,815.00",12/17/2020
859,"2,097.20","2,097.20","2,041.85","2,055.22",-6.2,-0.3,"5,144,675,578.00",12/16/2020
860,"2,085.56","2,100.96","2,050.90","2,061.41",-5.75,-0.28,"6,069,331,687.00",12/15/2020
861,"2,022.72","2,069.06","2,022.72","2,067.17",56.72,2.82,"7,204,136,923.00",12/14/2020
862,"1,973.75","2,010.45","1,967.44","2,010.45",46.43,2.36,"4,899,484,131.00",12/13/2020
863,"1,954.60","1,974.12","1,938.92","1,964.02",8.27,0.42,"4,146,321,050.00",12/10/2020
864,"2,006.40","2,009.81","1,948.98","1,955.75",-39.6,-1.98,"4,745,649,292.00",12/9/2020
865,"2,033.97","2,047.35","1,982.07","1,995.35",-9.04,-0.45,"5,719,436,384.00",12/8/2020
866,"1,929.46","2,004.39","1,914.42","2,004.39",72.28,3.74,"6,667,956,831.00",12/7/2020
867,"2,051.51","2,051.51","1,932.11","1,932.11",-123.34,-6,"7,209,180,213.00",12/6/2020
868,"2,090.79","2,118.41","2,040.99","2,055.45",-15.57,-0.75,"8,026,023,798.00",12/3/2020
869,"2,016.82","2,077.70","2,016.82","2,071.02",70.62,3.53,"7,463,482,972.00",12/2/2020
870,"2,009.46","2,022.25","1,966.18","2,000.40",3.35,0.17,"7,404,154,007.00",12/1/2020
871,"2,000.00","2,028.45","1,971.24","1,997.05",28.79,1.46,"8,867,714,682.00",11/30/2020
872,"1,912.11","1,971.42","1,912.11","1,968.27",75.02,3.96,"9,227,348,348.00",11/29/2020
873,"1,894.78","1,926.91","1,879.00","1,893.24",18.43,0.98,"7,613,030,091.00",11/26/2020
874,"1,820.87","1,874.81","1,820.87","1,874.81",64.7,3.57,"6,817,774,994.00",11/25/2020
875,"1,790.19","1,813.86","1,786.71","1,810.11",29.68,1.67,"5,442,950,189.00",11/24/2020
876,"1,789.35","1,792.41","1,772.11","1,780.43",-2.38,-0.13,"4,762,704,611.00",11/23/2020
877,"1,791.21","1,811.63","1,761.75","1,782.81",4.69,0.26,"6,878,787,665.00",11/22/2020
878,"1,750.42","1,779.21","1,750.42","1,778.12",36.32,2.08,"6,116,730,071.00",11/19/2020
879,"1,714.86","1,741.81","1,708.87","1,741.81",23.32,1.36,"4,791,041,649.00",11/18/2020
880,"1,713.71","1,722.32","1,702.70","1,718.49",10.82,0.63,"4,256,475,891.00",11/12/2020
881,"1,681.82","1,707.67","1,681.82","1,707.67",28.89,1.72,"4,099,604,742.00",11/11/2020
882,"1,660.37","1,678.79","1,659.18","1,678.79",25.98,1.57,"4,096,190,256.00",11/10/2020
883,"1,648.75","1,661.32","1,648.75","1,652.80",4.22,0.26,"3,699,879,726.00",11/9/2020
884,"1,643.29","1,648.58","1,637.80","1,648.58",12.49,0.76,"3,526,777,261.00",11/8/2020
885,"1,644.94","1,645.08","1,634.38","1,636.17",-4.47,-0.27,"2,842,469,177.00",11/5/2020
886,"1,645.53","1,645.70","1,638.69","1,640.64",-2.39,-0.15,"1,757,423,745.00",11/4/2020
887,"1,636.20","1,644.61","1,635.15","1,643.03",5.4,0.33,"2,237,964,572.00",11/3/2020
888,"1,644.01","1,646.90","1,635.64","1,637.63",-3.33,-0.2,"2,453,954,688.00",11/2/2020
889,"1,654.15","1,654.15","1,634.63","1,640.95",-4.72,-0.29,"2,930,939,007.00",11/1/2020
890,"1,661.64","1,663.41","1,640.48","1,645.67",-1.78,-0.11,"3,037,694,845.00",10/29/2020
891,"1,612.50","1,647.45","1,612.37","1,647.45",41.2,2.57,"2,725,994,069.00",10/28/2020
892,"1,609.11","1,609.52","1,596.22","1,606.25",8.54,0.53,"1,994,543,919.00",10/22/2020
893,"1,591.04","1,597.71","1,588.78","1,597.71",13.94,0.88,"1,633,246,148.00",10/21/2020
894,"1,576.62","1,583.60","1,573.06","1,583.60",13.22,0.84,"1,271,829,990.00",10/20/2020
895,"1,556.85","1,570.38","1,555.46","1,570.38",13.58,0.87,"954,656,107.00",10/19/2020
896,"1,565.90","1,567.89","1,554.14","1,556.80",-5.66,-0.36,"1,252,748,181.00",10/18/2020
897,"1,564.69","1,579.55","1,560.69","1,562.46",1.29,0.08,"1,425,890,738.00",10/15/2020
898,"1,572.35","1,573.08","1,560.45","1,561.17",-7.42,-0.47,"1,496,387,992.00",10/14/2020
899,"1,583.29","1,584.28","1,567.23","1,568.59",-9.42,-0.6,"1,819,638,977.00",10/13/2020
900,"1,580.14","1,580.80","1,566.70","1,578.01",1.74,0.11,"1,949,060,194.00",10/12/2020
901,"1,594.01","1,594.36","1,574.62","1,576.27",-13.37,-0.84,"2,395,432,599.00",10/11/2020
902,"1,607.52","1,614.04","1,586.96","1,589.63",-11.34,-0.71,"2,862,712,521.00",10/8/2020
903,"1,593.04","1,602.14","1,587.59","1,600.97",14.68,0.93,"3,358,506,296.00",10/7/2020
904,"1,588.01","1,588.01","1,581.75","1,586.29",4.17,0.26,"2,510,585,332.00",10/6/2020
905,"1,587.31","1,594.89","1,580.65","1,582.12",-3.63,-0.23,"2,578,607,088.00",10/5/2020
906,"1,577.77","1,588.05","1,577.77","1,585.75",14.71,0.94,"3,178,853,719.00",10/4/2020
907,"1,553.95","1,572.94","1,553.95","1,571.04",20.61,1.33,"2,807,708,137.00",10/1/2020
908,"1,561.58","1,563.40","1,542.57","1,550.43",-3.19,-0.21,"1,953,636,694.00",9/30/2020
909,"1,564.92","1,564.92","1,552.77","1,553.62",-7.21,-0.46,"1,829,872,968.00",9/29/2020
910,"1,566.44","1,569.31","1,557.42","1,560.83",-4.73,-0.3,"1,690,154,525.00",9/28/2020
911,"1,569.06","1,575.43","1,562.11","1,565.55",4.29,0.27,"3,138,243,371.00",9/27/2020
912,"1,565.31","1,565.31","1,554.38","1,561.27",5.74,0.37,"2,233,489,024.00",9/24/2020
913,"1,543.37","1,555.52","1,535.03","1,555.52",9.37,0.61,"1,727,821,707.00",9/23/2020
914,"1,576.55","1,577.19","1,541.75","1,546.15",-22.91,-1.46,"2,810,425,268.00",9/22/2020
915,"1,587.82","1,587.99","1,561.49","1,569.06",-6.12,-0.39,"2,637,376,216.00",9/21/2020
916,"1,595.47","1,605.12","1,574.08","1,575.18",3,0.19,"2,742,795,692.00",9/20/2020
917,"1,555.86","1,577.99","1,547.13","1,572.18",30.78,2,"3,315,664,319.00",9/17/2020
918,"1,537.35","1,543.98","1,530.67","1,541.40",5.36,0.35,"1,845,634,030.00",9/16/2020
919,"1,544.71","1,548.35","1,531.05","1,536.03",-4.47,-0.29,"1,800,197,903.00",9/15/2020
920,"1,545.68","1,553.56","1,538.43","1,540.51",3.26,0.21,"3,134,135,908.00",9/14/2020
921,"1,528.15","1,537.25","1,522.28","1,537.25",16.56,1.09,"3,386,859,972.00",9/13/2020
922,"1,514.13","1,532.48","1,512.53","1,520.69",12.49,0.83,"2,170,068,283.00",9/10/2020
923,"1,501.86","1,511.93","1,495.11","1,508.20",13.05,0.87,"2,563,415,186.00",9/9/2020
924,"1,491.33","1,500.15","1,477.25","1,495.15",7.35,0.49,"1,798,363,063.00",9/8/2020
925,"1,503.37","1,503.37","1,483.65","1,487.81",-12.17,-0.81,"2,164,930,214.00",9/7/2020
926,"1,538.42","1,538.42","1,494.97","1,499.97",-10.45,-0.69,"2,782,377,887.00",9/6/2020
927,"1,524.19","1,524.67","1,497.47","1,510.42",-0.15,-0.01,"2,634,886,231.00",9/3/2020
928,"1,509.40","1,519.78","1,499.72","1,510.57",25.58,1.72,"4,181,036,115.00",9/2/2020
929,"1,466.57","1,489.01","1,466.57","1,484.99",22.31,1.53,"3,462,586,125.00",8/31/2020
930,"1,459.16","1,462.67","1,444.92","1,462.67",4.64,0.32,"1,614,554,300.00",8/30/2020
931,"1,467.07","1,472.73","1,454.96","1,458.04",-4,-0.27,"1,981,761,050.00",8/27/2020
932,"1,445.47","1,468.03","1,445.47","1,462.03",21.1,1.46,"2,656,163,730.00",8/26/2020
933,"1,435.21","1,440.94","1,428.74","1,440.94",9.34,0.65,"1,855,180,510.00",8/25/2020
934,"1,413.09","1,431.60","1,413.09","1,431.60",21.26,1.51,"2,139,202,075.00",8/24/2020
935,"1,399.48","1,410.34","1,394.09","1,410.34",12.77,0.91,"1,108,053,597.00",8/23/2020
936,"1,392.89","1,403.75","1,392.89","1,397.57",6.28,0.45,"393,129,068.00",8/20/2020
937,"1,409.44","1,409.44","1,388.17","1,391.29",-16.6,-1.18,"976,235,059.00",8/19/2020
938,"1,403.98","1,414.29","1,400.81","1,407.89",5.68,0.41,"1,239,017,426.00",8/18/2020
939,"1,391.79","1,402.21","1,385.70","1,402.21",10.75,0.77,"1,074,932,597.00",8/17/2020
940,"1,407.85","1,407.85","1,381.89","1,391.46",-17.33,-1.23,"1,259,320,850.00",8/16/2020
941,"1,431.89","1,431.89","1,407.43","1,408.79",-16.53,-1.16,"1,048,911,791.00",8/13/2020
942,"1,426.55","1,427.15","1,413.55","1,425.32",1.51,0.11,"951,960,208.00",8/12/2020
943,"1,433.35","1,441.31","1,421.17","1,423.81",-6.61,-0.46,"1,271,738,914.00",8/11/2020
944,"1,394.78","1,430.41","1,394.34","1,430.41",37.74,2.71,"1,555,518,923.00",8/10/2020
945,"1,383.98","1,392.68","1,363.22","1,392.68",11.31,0.82,"977,895,525.00",8/9/2020
946,"1,387.44","1,388.68","1,365.66","1,381.37",-1.29,-0.09,"920,997,056.00",8/6/2020
947,"1,403.88","1,403.88","1,374.13","1,382.66",-21.2,-1.51,"1,189,526,408.00",8/5/2020
948,"1,395.08","1,411.13","1,384.86","1,403.86",7.59,0.54,"1,290,252,213.00",8/3/2020
949,"1,441.26","1,441.26","1,396.02","1,396.28",-42.78,-2.97,"1,841,242,332.00",8/2/2020
950,"1,433.14","1,444.06","1,421.07","1,439.06",7.53,0.53,"1,320,266,678.00",7/30/2020
951,"1,452.07","1,452.07","1,431.46","1,431.52",-23.36,-1.61,"1,687,093,091.00",7/29/2020
952,"1,463.81","1,466.04","1,449.86","1,454.89",-7.59,-0.52,"1,259,751,557.00",7/28/2020
953,"1,467.89","1,475.20","1,456.47","1,462.48",-2.62,-0.18,"1,793,915,286.00",7/27/2020
954,"1,445.60","1,464.88","1,444.77","1,465.10",22.4,1.55,"1,942,679,380.00",7/26/2020
955,"1,434.08","1,440.32","1,417.32","1,442.61",10.13,0.71,"1,327,135,218.00",7/23/2020
956,"1,452.78","1,461.29","1,429.65","1,432.44",-17.5,-1.21,"1,532,511,716.00",7/22/2020
957,"1,472.19","1,479.30","1,444.50","1,449.94",-15,-1.02,"1,872,220,447.00",7/21/2020
958,"1,539.37","1,556.19","1,460.15","1,464.94",-14.09,-0.96,"2,802,233,715.00",7/20/2020
959,"1,408.51","1,479.03","1,408.51","1,479.03",84.26,6.04,"62,566,293.00",7/19/2020
960,"1,364.24","1,395.82","1,362.62","1,394.77",32.43,2.38,"1,041,770,867.00",7/16/2020
961,"1,347.88","1,367.82","1,347.88","1,362.34",14.9,1.11,"1,160,491,522.00",7/15/2020
962,"1,344.42","1,349.24","1,340.66","1,347.44",5.04,0.38,"994,545,109.00",7/14/2020
963,"1,342.59","1,352.69","1,334.17","1,342.40",2.11,0.16,"1,088,716,118.00",7/13/2020
964,"1,331.31","1,351.82","1,331.31","1,340.29",9.19,0.69,"1,111,090,272.00",7/12/2020
965,"1,327.13","1,333.25","1,312.01","1,331.27",4.57,0.34,"908,086,197.00",7/9/2020
966,"1,338.54","1,343.59","1,319.10","1,326.53",-10.13,-0.76,"1,078,462,141.00",7/8/2020
967,"1,299.72","1,345.96","1,299.72","1,336.66",37.93,2.92,"1,199,041,859.00",7/7/2020
968,"1,266.08","1,298.73","1,259.94","1,298.73",33.28,2.63,"927,841,329.00",7/6/2020
969,"1,256.18","1,280.93","1,246.80","1,265.45",9.35,0.74,"1,033,390,231.00",7/5/2020
970,"1,351.89","1,362.35","1,256.11","1,256.11",-80.41,-6.02,"476,654,971.00",7/2/2020
971,"1,261.54","1,336.52","1,261.54","1,336.52",75.77,6.01,"407,352,247.00",7/1/2020
972,"1,187.25","1,260.75","1,185.72","1,260.75",72.05,6.06,"227,212,194.00",6/30/2020
973,"1,197.09","1,200.64","1,149.73","1,188.70",-12.87,-1.07,"347,771,833.00",6/29/2020
974,"1,225.68","1,225.68","1,201.57","1,201.57",-24.58,-2,"3,613,523.00",5/13/2020
975,"1,250.95","1,250.95","1,226.15","1,226.15",-25.3,-2.02,"104,372,646.00",5/12/2020
976,"1,269.08","1,275.42","1,246.20","1,251.45",-18.2,-1.43,"194,642,984.00",3/22/2020
977,"1,249.26","1,278.93","1,223.04","1,269.30",13.5,1.08,"1,903,142,008.00",3/19/2020
978,"1,272.10","1,286.46","1,234.16","1,255.80",-16.26,-1.28,"1,184,416,878.00",3/18/2020
979,"1,316.74","1,321.26","1,266.44","1,272.06",-44.33,-3.37,"1,465,184,656.00",3/17/2020
980,"1,312.69","1,334.12","1,291.67","1,316.39",3.35,0.26,"1,615,341,877.00",3/16/2020
981,"1,362.25","1,362.25","1,310.71","1,313.04",-64.14,-4.66,"2,101,417,292.00",3/15/2020
982,"1,424.60","1,430.77","1,371.56","1,377.18",-45.91,-3.23,"2,206,662,182.00",3/12/2020
983,"1,349.86","1,423.09","1,349.86","1,423.09",73.78,5.47,"2,221,081,690.00",3/11/2020
984,"1,435.86","1,436.66","1,349.31","1,349.31",-86.39,-6.02,"1,076,696,300.00",3/10/2020
985,"1,442.92","1,464.62","1,408.82","1,435.70",-5.5,-0.38,"2,457,093,463.00",3/5/2020
986,"1,511.41","1,513.43","1,439.38","1,441.20",-68.47,-4.54,"2,908,472,603.00",3/4/2020
987,"1,491.23","1,540.59","1,439.53","1,509.67",14.37,0.96,"3,851,622,996.00",3/3/2020
988,"1,593.08","1,593.50","1,495.30","1,495.30",-96.06,-6.04,"2,154,428,215.00",3/2/2020
989,"1,639.87","1,667.74","1,591.36","1,591.36",-40.81,-2.5,"4,847,437,505.00",3/1/2020
990,"1,598.81","1,635.51","1,558.65","1,632.17",31.44,1.97,"4,460,536,251.00",2/27/2020
991,"1,548.32","1,596.13","1,548.32","1,596.13",50.94,3.3,"4,154,883,092.00",2/26/2020
992,"1,504.80","1,544.07","1,480.24","1,545.19",43.01,2.86,"2,992,160,524.00",2/25/2020
993,"1,507.98","1,536.83","1,499.04","1,502.18",-1.96,-0.13,"3,410,516,278.00",2/24/2020
994,"1,435.87","1,509.92","1,435.87","1,504.14",69.57,4.85,"3,608,526,354.00",2/23/2020
995,"1,405.51","1,434.57","1,405.51","1,434.57",29.32,2.09,"2,785,004,908.00",2/20/2020
996,"1,399.29","1,406.25","1,389.12","1,405.25",5.24,0.37,"1,628,841,389.00",2/19/2020
997,"1,399.47","1,416.87","1,387.68","1,400.01",1.77,0.13,"2,125,977,034.00",2/18/2020
998,"1,364.34","1,403.21","1,364.34","1,398.24",34.27,2.51,"2,687,533,442.00",2/17/2020
999,"1,344.73","1,363.97","1,344.73","1,363.97",19.38,1.44,"1,978,108,701.00",2/16/2020
1000,"1,346.45","1,354.88","1,342.90","1,344.59",-1.38,-0.1,"1,773,805,746.00",2/13/2020
1001,"1,341.07","1,353.29","1,340.87","1,345.97",4.59,0.34,"1,509,784,311.00",2/12/2020
1002,"1,324.31","1,342.91","1,323.69","1,341.38",17.12,1.29,"1,532,250,440.00",2/11/2020
1003,"1,320.77","1,329.84","1,315.37","1,324.26",4.27,0.32,"932,086,055.00",2/10/2020
1004,"1,332.91","1,333.85","1,316.10","1,319.99",-13.7,-1.03,"950,402,584.00",2/9/2020
1005,"1,341.03","1,346.60","1,331.02","1,333.69",-8.67,-0.65,"1,049,345,436.00",2/6/2020
1006,"1,338.50","1,342.62","1,335.72","1,342.36",5.32,0.4,"1,082,483,909.00",2/5/2020
1007,"1,351.01","1,353.27","1,334.09","1,337.04",-12.09,-0.9,"1,570,166,163.00",2/4/2020
1008,"1,348.12","1,355.27","1,339.60","1,349.13",2.49,0.18,"1,611,719,203.00",2/3/2020
1009,"1,325.62","1,349.68","1,331.87","1,346.64",21.26,1.49,"2,077,987,799.00",2/2/2020
1010,"1,306.29","1,331.83","1,306.29","1,325.38",19.5,1.49,"1,966,219,749.00",1/30/2020
1011,"1,306.16","1,311.74","1,302.14","1,305.88",-0.27,-0.02,"1,293,711,383.00",1/29/2020
1012,"1,300.65","1,316.44","1,300.65","1,306.15",5.53,0.43,"1,400,467,805.00",1/28/2020
1013,"1,276.68","1,300.62","1,274.03","1,300.62",23.94,1.88,"917,359,865.00",1/27/2020
1014,"1,298.67","1,299.46","1,275.52","1,276.68",-20.79,-1.6,"965,018,662.00",1/26/2020
1015,"1,314.16","1,320.76","1,295.80","1,297.47",-15.95,-1.21,"1,384,209,412.00",1/23/2020
1016,"1,324.32","1,325.69","1,310.64","1,313.42",-7.05,-0.53,"1,581,381,364.00",1/22/2020
1017,"1,318.65","1,331.28","1,309.14","1,320.47",3.36,0.26,"1,519,976,760.00",1/21/2020
1018,"1,342.70","1,359.32","1,308.62","1,317.11",-26.54,-1.98,"1,953,780,000.00",1/20/2020
1019,"1,310.26","1,349.10","1,310.26","1,343.65",33.42,2.55,"2,090,877,917.00",1/19/2020
1020,"1,284.28","1,313.19","1,284.28","1,310.23",26,2.02,"1,682,330,000.00",1/16/2020
1021,"1,263.32","1,287.20","1,263.32","1,284.23",20.85,1.65,"893,677,000.00",1/15/2020
1022,"1,271.11","1,274.86","1,254.30","1,263.38",-7.48,-0.59,"1,026,443,666.00",1/14/2020
1023,"1,260.01","1,285.50","1,259.34","1,270.86",15.14,1.21,"1,665,520,000.00",1/13/2020
1024,"1,213.19","1,255.72","1,213.19","1,255.72",42.61,3.51,"1,335,747,967.00",1/12/2020
1025,"1,209.87","1,216.23","1,206.49","1,213.11",3.51,0.29,"837,035,757.00",1/9/2020
1026,"1,217.82","1,223.66","1,207.26","1,209.60",-7.32,-0.6,"732,169,261.00",1/8/2020
1027,"1,200.65","1,218.14","1,200.65","1,216.92",16.23,1.35,"1,102,736,748.00",1/7/2020
1028,"1,183.35","1,200.69","1,183.35","1,200.69",18.38,1.55,"842,582,150.00",1/6/2020
1029,"1,166.49","1,187.33","1,163.39","1,182.31",16.1,1.38,"712,425,827.00",1/5/2020
1030,"1,168.63","1,169.27","1,165.24","1,166.21",-3.29,-0.28,"532,211,211.00",1/2/2020
1031,"1,166.52","1,169.50","1,163.99","1,169.50",3.47,0.3,"372,988,301.00",1/1/2020
1032,"1,168.61","1,171.48","1,163.02","1,166.03",-1.92,-0.16,"442,256,156.00",12/31/2019
1033,"1,161.82","1,167.95","1,159.25","1,167.95",5.52,0.47,"622,363,488.00",12/30/2019
1034,"1,166.86","1,167.24","1,159.23","1,162.43",-4.98,-0.43,"422,453,909.00",12/29/2019
1035,"1,167.74","1,170.45","1,165.94","1,167.41",-0.62,-0.05,"588,677,887.00",12/26/2019
1036,"1,166.56","1,173.14","1,165.77","1,168.03",1.82,0.16,"538,340,829.00",12/25/2019
1037,"1,169.32","1,176.70","1,164.85","1,166.21",-2.37,-0.2,"721,642,965.00",12/24/2019
1038,"1,150.92","1,168.79","1,150.92","1,168.58",17.77,1.54,"595,764,544.00",12/23/2019
1039,"1,149.62","1,151.30","1,147.67","1,150.81",1.17,0.1,"374,466,465.00",12/22/2019
1040,"1,152.06","1,154.28","1,148.35","1,149.64",-2.43,-0.21,"419,088,133.00",12/19/2019
1041,"1,155.32","1,158.15","1,150.14","1,152.07",-3.3,-0.29,"294,709,858.00",12/18/2019
1042,"1,154.86","1,158.36","1,150.66","1,155.37",1.26,0.11,"279,244,135.00",12/17/2019
1043,"1,167.82","1,170.56","1,153.23","1,154.11",-13.75,-1.18,"407,900,555.00",12/16/2019
1044,"1,172.44","1,181.70","1,167.86","1,167.86",-4.78,-0.41,"686,076,111.00",12/15/2019
1045,"1,162.25","1,175.30","1,159.91","1,172.64",9.27,0.8,"675,173,000.00",12/12/2019
1046,"1,155.05","1,166.15","1,153.14","1,161.47",10.11,0.88,"551,377,852.00",12/11/2019
1047,"1,149.09","1,158.11","1,147.43","1,151.36",2.47,0.21,"500,328,915.00",12/10/2019
1048,"1,135.36","1,155.06","1,132.88","1,148.89",13.52,1.19,"464,220,392.00",12/9/2019
1049,"1,131.92","1,135.37","1,125.81","1,135.37",3.45,0.3,"287,527,825.00",12/8/2019
1050,"1,124.47","1,134.93","1,124.44","1,131.92",7.45,0.66,"358,839,860.00",12/5/2019
1051,"1,116.12","1,128.00","1,116.12","1,124.47",8.73,0.78,"308,214,465.00",12/4/2019
1052,"1,112.06","1,117.82","1,111.19","1,115.74",3.75,0.34,"266,801,558.00",12/3/2019
1053,"1,112.87","1,113.73","1,110.98","1,111.99",-0.86,-0.08,"232,259,331.00",12/2/2019
1054,"1,112.79","1,114.31","1,109.97","1,112.85",0.06,0.01,"206,314,323.00",12/1/2019
1055,"1,117.64","1,119.63","1,112.79","1,112.79",-4.67,-0.42,"243,391,320.00",11/28/2019
1056,"1,109.09","1,117.46","1,108.02","1,117.46",7.38,0.66,"212,363,736.00",11/27/2019
1057,"1,110.08","1,111.76","1,107.57","1,109.16",-0.92,-0.08,"295,869,180.00",11/26/2019
1058,"1,110.11","1,112.15","1,102.46","1,110.08",0,0,"288,858,484.00",11/25/2019
1059,"1,120.62","1,121.94","1,108.76","1,110.08",-10.52,-0.94,"280,534,415.00",11/24/2019
1060,"1,128.34","1,128.69","1,118.10","1,120.60",-7.74,-0.69,"297,797,071.00",11/21/2019
1061,"1,130.01","1,139.74","1,127.63","1,128.34",-1.65,-0.15,"303,724,204.00",11/20/2019
1062,"1,131.13","1,132.40","1,127.91","1,129.99",-1.13,-0.1,"259,330,595.00",11/19/2019
1063,"1,131.40","1,133.43","1,128.00","1,131.12",-0.24,-0.02,"356,861,857.00",11/18/2019
1064,"1,135.73","1,137.25","1,129.15","1,131.36",-4.59,-0.4,"355,159,768.00",11/17/2019
1065,"1,135.15","1,139.41","1,133.67","1,135.95",0.79,0.07,"228,357,493.00",11/14/2019
1066,"1,140.65","1,140.65","1,133.49","1,135.16",-4.8,-0.42,"275,427,886.00",11/13/2019
1067,"1,146.14","1,147.06","1,138.57","1,139.96",-5.61,-0.49,"379,849,435.00",11/12/2019
1068,"1,132.70","1,147.74","1,132.70","1,145.57",13.77,1.22,"549,998,241.00",11/11/2019
1069,"1,132.47","1,135.90","1,129.89","1,131.80",-0.17,-0.02,"293,149,044.00",11/10/2019
1070,"1,138.27","1,139.36","1,131.33","1,131.97",-6.05,-0.53,"374,150,571.00",11/7/2019
1071,"1,139.49","1,141.08","1,136.74","1,138.02",-1.43,-0.13,"206,253,847.00",11/6/2019
1072,"1,140.21","1,141.86","1,138.66","1,139.45",-0.81,-0.07,"284,472,501.00",11/5/2019
1073,"1,139.57","1,141.13","1,135.96","1,140.26",0.97,0.09,"191,854,333.00",11/4/2019
1074,"1,145.83","1,146.88","1,136.39","1,139.29",-6.88,-0.6,"175,544,472.00",11/3/2019
1075,"1,149.74","1,151.48","1,143.07","1,146.17",-3.17,-0.28,"254,312,462.00",10/31/2019
1076,"1,142.41","1,150.47","1,141.39","1,149.34",6.74,0.59,"327,632,258.00",10/24/2019
1077,"1,135.40","1,142.82","1,135.40","1,142.60",7.81,0.69,"163,757,847.00",10/23/2019
1078,"1,132.45","1,134.81","1,130.21","1,134.79",2.39,0.21,"165,296,005.00",10/22/2019
1079,"1,133.73","1,135.84","1,130.14","1,132.40",-1.31,-0.12,"164,349,536.00",10/21/2019
1080,"1,137.69","1,138.99","1,132.58","1,133.71",-4.04,-0.36,"113,359,956.00",10/20/2019
1081,"1,137.03","1,140.38","1,135.87","1,137.75",0.72,0.06,"182,994,905.00",10/17/2019
1082,"1,142.39","1,142.71","1,136.00","1,137.03",-5.01,-0.44,"196,618,963.00",10/16/2019
1083,"1,138.38","1,142.04","1,135.86","1,142.04",5.08,0.45,"222,452,078.00",10/15/2019
1084,"1,149.01","1,151.52","1,135.04","1,136.96",-12.05,-1.05,"218,635,691.00",10/14/2019
1085,"1,149.03","1,151.81","1,148.13","1,149.01",-0.39,-0.03,"63,845,411.00",10/10/2019
1086,"1,142.44","1,149.40","1,138.58","1,149.40",8.69,0.76,"176,633,514.00",10/3/2019
1087,"1,145.69","1,149.70","1,140.07","1,140.71",-4.98,-0.43,"203,287,237.00",10/2/2019
1088,"1,135.05","1,146.11","1,134.82","1,145.69",10.13,0.89,"311,488,652.00",10/1/2019
1089,"1,125.49","1,135.56","1,121.09","1,135.56",10.42,0.93,"168,828,923.00",9/30/2019
1090,"1,129.81","1,131.87","1,123.66","1,125.14",-4.66,-0.41,"241,498,554.00",9/29/2019
1091,"1,131.52","1,133.80","1,128.61","1,129.80",-1.73,-0.15,"212,541,352.00",9/26/2019
1092,"1,134.56","1,135.26","1,130.88","1,131.53",-3.03,-0.27,"166,921,799.00",9/25/2019
1093,"1,140.99","1,141.62","1,132.72","1,134.56",-6.42,-0.56,"218,278,449.00",9/24/2019
1094,"1,139.92","1,147.85","1,137.87","1,140.98",1.73,0.15,"177,279,039.00",9/23/2019
1095,"1,155.30","1,157.79","1,135.18","1,139.25",-16.05,-1.39,"226,950,238.00",9/22/2019
1096,"1,173.44","1,178.28","1,155.30","1,155.30",-16.85,-1.44,"399,930,871.00",9/19/2019
1097,"1,150.65","1,173.14","1,150.65","1,172.15",21.41,1.86,"455,311,885.00",9/18/2019
1098,"1,127.26","1,152.51","1,127.26","1,150.74",26.91,2.39,"383,957,426.00",9/17/2019
1099,"1,140.49","1,140.55","1,122.02","1,123.83",-16.18,-1.42,"343,918,221.00",9/16/2019
1100,"1,157.68","1,160.55","1,140.01","1,140.01",-17.87,-1.54,"288,099,912.00",9/15/2019
1101,"1,163.71","1,164.09","1,156.37","1,157.88",-5.33,-0.46,"376,184,491.00",9/12/2019
1102,"1,166.68","1,168.06","1,161.95","1,163.21",-3.46,-0.3,"341,745,136.00",9/11/2019
1103,"1,168.91","1,172.82","1,161.20","1,166.67",-2.24,-0.19,"237,959,653.00",9/10/2019
1104,"1,178.47","1,180.28","1,166.09","1,168.91",-9.55,-0.81,"299,200,764.00",9/9/2019
1105,"1,192.07","1,192.33","1,176.41","1,178.46",-12.61,-1.06,"305,310,719.00",9/8/2019
1106,"1,195.89","1,196.92","1,189.05","1,191.07",-3.7,-0.31,"290,177,357.00",9/5/2019
1107,"1,192.21","1,198.48","1,183.40","1,194.77",3.87,0.32,"436,444,688.00",9/4/2019
1108,"1,170.87","1,190.90","1,156.72","1,190.90",20.56,1.76,"510,552,041.00",9/3/2019
1109,"1,184.93","1,190.88","1,167.81","1,170.34",-14.44,-1.22,"407,569,712.00",9/2/2019
1110,"1,196.60","1,198.51","1,184.06","1,184.78",-11.63,-0.97,"297,398,003.00",9/1/2019
1111,"1,198.49","1,201.23","1,194.09","1,196.41",-1.34,-0.11,"277,359,659.00",8/29/2019
1112,"1,209.70","1,213.46","1,197.32","1,197.75",-10.25,-0.85,"371,022,592.00",8/28/2019
1113,"1,203.42","1,212.30","1,203.40","1,208.00",4.87,0.4,"244,668,209.00",8/27/2019
1114,"1,209.70","1,210.24","1,199.31","1,203.13",-6.49,-0.54,"380,596,571.00",8/26/2019
1115,"1,212.76","1,213.23","1,201.71","1,209.62",-3.44,-0.28,"350,269,509.00",8/25/2019
1116,"1,214.37","1,220.90","1,212.43","1,213.06",-0.99,-0.08,"261,670,203.00",8/22/2019
1117,"1,213.96","1,216.30","1,209.77","1,214.05",0.42,0.03,"292,641,728.00",8/21/2019
1118,"1,222.04","1,222.87","1,212.10","1,213.63",-8.43,-0.69,"272,509,024.00",8/20/2019
1119,"1,214.96","1,229.50","1,210.80","1,222.06",7.23,0.6,"389,625,280.00",8/19/2019
1120,"1,224.03","1,226.07","1,214.33","1,214.83",-9.2,-0.75,"329,527,904.00",8/18/2019
1121,"1,225.11","1,226.06","1,221.80","1,224.03",-1.87,-0.15,"424,323,136.00",8/15/2019
1122,"1,230.97","1,231.49","1,224.43","1,225.90",-5.17,-0.42,"257,285,008.00",8/14/2019
1123,"1,234.59","1,236.47","1,229.06","1,231.07",-2.78,-0.23,"481,629,760.00",8/13/2019
1124,"1,234.68","1,236.82","1,232.11","1,233.85",0.14,0.01,"314,228,928.00",8/12/2019
1125,"1,236.62","1,237.97","1,229.69","1,233.71",-4.85,-0.39,"311,756,864.00",8/11/2019
1126,"1,248.91","1,248.91","1,237.70","1,238.56",-9.92,-0.79,"454,629,568.00",8/8/2019
1127,"1,245.20","1,249.98","1,239.55","1,248.48",2.75,0.22,"368,645,664.00",8/7/2019
1128,"1,255.74","1,255.74","1,243.74","1,245.73",-9.36,-0.75,"450,755,168.00",8/6/2019
1129,"1,260.30","1,261.63","1,253.50","1,255.09",-4.55,-0.36,"443,205,472.00",8/5/2019
1130,"1,263.87","1,266.37","1,258.27","1,259.64",-4.2,-0.33,"474,151,744.00",8/4/2019
1131,"1,265.52","1,270.88","1,262.55","1,263.84",-1.73,-0.14,"590,588,224.00",8/1/2019
1132,"1,259.53","1,267.73","1,257.91","1,265.57",6.2,0.49,"370,002,048.00",7/31/2019
1133,"1,256.01","1,262.16","1,256.01","1,259.37",3.39,0.27,"294,305,024.00",7/30/2019
1134,"1,252.72","1,259.69","1,252.72","1,255.98",3.18,0.25,"350,812,576.00",7/29/2019
1135,"1,266.63","1,266.63","1,250.18","1,252.80",-17.12,-1.35,"492,673,664.00",7/28/2019
1136,"1,284.41","1,284.41","1,269.35","1,269.92",-14.15,-1.1,"550,532,160.00",7/25/2019
1137,"1,277.48","1,284.99","1,276.07","1,284.07",6.9,0.54,"443,481,376.00",7/24/2019
1138,"1,271.24","1,279.42","1,271.22","1,277.17",5.94,0.47,"368,980,864.00",7/23/2019
1139,"1,268.77","1,272.38","1,267.92","1,271.23",2.49,0.2,"316,643,424.00",7/22/2019
1140,"1,276.29","1,276.31","1,265.60","1,268.74",-3.75,-0.29,"298,157,120.00",7/21/2019
1141,"1,275.71","1,283.63","1,272.49","1,272.49",-2.37,-0.19,"411,369,312.00",7/18/2019
1142,"1,258.94","1,274.86","1,258.81","1,274.86",15.85,1.26,"426,743,456.00",7/17/2019
1143,"1,285.48","1,285.50","1,256.46","1,259.01",4.45,0.35,"347,289,280.00",7/16/2019
1144,"1,250.09","1,254.56","1,249.17","1,254.56",5.07,0.41,"430,525,920.00",7/15/2019
1145,"1,248.94","1,253.09","1,248.59","1,249.49",0.96,0.08,"285,214,560.00",7/14/2019
1146,"1,249.46","1,251.09","1,247.63","1,248.53",-0.62,-0.05,"460,036,576.00",7/11/2019
1147,"1,250.43","1,251.89","1,246.15","1,249.15",-1.12,-0.09,"573,447,488.00",7/10/2019
1148,"1,247.41","1,252.20","1,244.36","1,250.27",2.92,0.23,"468,263,776.00",7/9/2019
1149,"1,256.15","1,257.57","1,245.62","1,247.35",-8.69,-0.69,"591,053,824.00",7/8/2019
1150,"1,262.98","1,263.82","1,255.01","1,256.04",-4.43,-0.35,"540,529,472.00",7/7/2019
1151,"1,269.48","1,272.79","1,258.87","1,260.47",-8.21,-0.65,"670,169,920.00",7/4/2019
1152,"1,253.52","1,270.04","1,249.50","1,268.68",15.62,1.25,"550,247,808.00",7/3/2019
1153,"1,242.83","1,253.06","1,238.77","1,253.06",11.45,0.92,"429,477,280.00",7/2/2019
1154,"1,245.58","1,245.68","1,237.43","1,241.61",-3.28,-0.26,"364,343,808.00",7/1/2019
1155,"1,258.31","1,258.85","1,244.81","1,244.89",-12.26,-0.98,"645,099,008.00",6/30/2019
1156,"1,259.16","1,260.43","1,256.63","1,257.15",-1.14,-0.09,"627,908,800.00",6/27/2019
1157,"1,261.10","1,261.49","1,255.45","1,258.29",-2.78,-0.22,"570,123,456.00",6/26/2019
1158,"1,260.23","1,264.52","1,259.35","1,261.07",0.97,0.08,"364,773,344.00",6/25/2019
1159,"1,254.67","1,260.10","1,253.01","1,260.10",5.75,0.46,"481,492,832.00",6/24/2019
1160,"1,264.53","1,264.53","1,253.43","1,254.35",-10.01,-0.79,"481,859,744.00",6/23/2019
1161,"1,258.90","1,266.33","1,257.93","1,264.36",5.9,0.47,"375,315,200.00",6/20/2019
1162,"1,258.25","1,262.11","1,256.72","1,258.46",-0.2,-0.02,"304,189,632.00",6/19/2019
1163,"1,261.04","1,263.56","1,258.36","1,258.66",-2.24,-0.18,"359,411,296.00",6/18/2019
1164,"1,259.38","1,264.97","1,254.52","1,260.90",2.63,0.21,"403,538,144.00",6/17/2019
1165,"1,271.18","1,271.27","1,256.85","1,258.27",-11.28,-0.89,"472,520,800.00",6/16/2019
1166,"1,272.91","1,274.83","1,264.46","1,269.55",-2.94,-0.23,"418,750,016.00",6/13/2019
1167,"1,276.09","1,277.04","1,267.17","1,272.49",-3.5,-0.27,"399,464,992.00",6/12/2019
1168,"1,276.26","1,281.32","1,274.82","1,275.99",0.17,0.01,"459,071,008.00",6/11/2019
1169,"1,285.49","1,289.54","1,274.62","1,275.82",-8.77,-0.68,"553,347,008.00",6/10/2019
1170,"1,296.50","1,296.80","1,284.59","1,284.59",-4.69,-0.36,"579,563,008.00",6/6/2019
1171,"1,292.86","1,297.91","1,286.37","1,289.28",-3.56,-0.28,"694,590,976.00",6/4/2019
1172,"1,306.88","1,308.63","1,291.02","1,292.84",-12.84,-0.98,"664,590,016.00",6/3/2019
1173,"1,317.91","1,317.91","1,304.53","1,305.68",-13.79,-1.05,"735,995,008.00",6/2/2019
1174,"1,328.62","1,349.38","1,317.67","1,319.47",5.59,0.43,"1,504,460,032.00",5/30/2019
1175,"1,307.30","1,315.16","1,307.13","1,313.88",8.39,0.64,"884,201,024.00",5/29/2019
1176,"1,304.22","1,307.08","1,300.45","1,305.49",2.53,0.19,"749,068,992.00",5/28/2019
1177,"1,302.98","1,309.90","1,298.36","1,302.96",0.35,0.03,"499,910,016.00",5/27/2019
1178,"1,315.97","1,317.86","1,301.32","1,302.61",-11.94,-0.91,"603,897,024.00",5/26/2019
1179,"1,321.69","1,324.15","1,309.12","1,314.55",-5.08,-0.38,"913,235,968.00",5/23/2019
1180,"1,314.94","1,322.47","1,314.82","1,319.63",7.49,0.57,"918,484,992.00",5/22/2019
1181,"1,308.40","1,317.79","1,304.59","1,312.14",4.43,0.34,"796,716,992.00",5/21/2019
1182,"1,319.21","1,322.85","1,305.43","1,307.71",-9.13,-0.69,"1,164,889,984.00",5/20/2019
1183,"1,319.33","1,322.09","1,312.81","1,316.84",-1.87,-0.14,"1,055,840,000.00",5/19/2019
1184,"1,322.68","1,326.69","1,313.93","1,318.71",-2.29,-0.17,"881,396,992.00",5/16/2019
1185,"1,316.79","1,334.06","1,316.21","1,321.00",5.55,0.42,"1,302,630,016.00",5/15/2019
1186,"1,307.84","1,321.00","1,307.84","1,315.45",14.11,1.08,"1,007,529,984.00",5/14/2019
1187,"1,295.99","1,301.68","1,295.99","1,301.34",6.31,0.49,"775,121,984.00",5/13/2019
1188,"1,292.12","1,295.03","1,284.17","1,295.03",3.07,0.24,"672,155,008.00",5/12/2019
1189,"1,297.57","1,302.62","1,290.11","1,291.96",-5.64,-0.43,"605,086,976.00",5/9/2019
1190,"1,301.39","1,304.15","1,295.32","1,297.60",-3.68,-0.28,"494,902,016.00",5/8/2019
1191,"1,298.35","1,311.18","1,295.73","1,301.28",1.87,0.14,"699,849,024.00",5/7/2019
1192,"1,278.00","1,299.41","1,270.06","1,299.41",21.73,1.7,"619,564,992.00",5/6/2019
1193,"1,293.71","1,293.71","1,276.73","1,277.68",-16.71,-1.29,"628,641,024.00",5/5/2019
1194,"1,298.80","1,300.43","1,282.95","1,294.39",-4.21,-0.32,"573,145,024.00",5/2/2019
1195,"1,310.65","1,316.53","1,296.07","1,298.60",-11.71,-0.89,"913,017,984.00",4/30/2019
1196,"1,318.44","1,322.95","1,299.09","1,310.31",-4.2,-0.32,"1,160,230,016.00",4/29/2019
1197,"1,293.77","1,322.88","1,293.77","1,314.51",22.39,1.73,"1,616,089,984.00",4/28/2019
1198,"1,279.67","1,296.92","1,279.67","1,292.12",12.83,1,"1,335,980,032.00",4/25/2019
1199,"1,265.11","1,280.84","1,261.69","1,279.29",18.61,1.48,"921,345,984.00",4/24/2019
1200,"1,256.61","1,268.32","1,248.50","1,260.68",3.74,0.3,"561,851,008.00",4/23/2019
1201,"1,264.77","1,280.08","1,247.65","1,256.94",-7.26,-0.57,"1,000,550,016.00",4/22/2019
1202,"1,232.53","1,264.20","1,230.22","1,264.20",31.94,2.59,"1,004,000,000.00",4/21/2019
1203,"1,217.11","1,232.26","1,214.95","1,232.26",15.22,1.25,"732,081,024.00",4/18/2019
1204,"1,212.34","1,223.42","1,210.35","1,217.04",4.99,0.41,"803,244,992.00",4/17/2019
1205,"1,187.73","1,212.05","1,187.73","1,212.05",23.34,1.96,"723,990,016.00",4/16/2019
1206,"1,184.22","1,188.71","1,181.95","1,188.71",4.69,0.4,"289,871,008.00",4/15/2019
1207,"1,184.29","1,189.98","1,180.18","1,184.02",-0.59,-0.05,"387,624,000.00",4/11/2019
1208,"1,181.72","1,187.98","1,174.88","1,184.61",3.51,0.3,"358,990,016.00",4/10/2019
1209,"1,191.78","1,194.62","1,180.00","1,181.10",-10.58,-0.89,"622,529,984.00",4/9/2019
1210,"1,183.46","1,197.88","1,179.47","1,191.68",9.32,0.79,"864,142,976.00",4/8/2019
1211,"1,164.94","1,182.36","1,161.66","1,182.36",17.16,1.47,"518,228,000.00",4/7/2019
1212,"1,165.85","1,169.87","1,159.90","1,165.20",-0.64,-0.05,"386,452,000.00",4/4/2019
1213,"1,163.71","1,172.40","1,158.79","1,165.84",2.01,0.17,"524,422,016.00",4/3/2019
1214,"1,153.89","1,164.41","1,153.89","1,163.82",14.07,1.22,"472,344,992.00",4/2/2019
1215,"1,142.65","1,152.05","1,142.06","1,149.99",6.43,0.56,"326,448,992.00",4/1/2019
1216,"1,145.95","1,149.81","1,139.68","1,143.09",-1.44,-0.13,"241,951,008.00",3/31/2019
1217,"1,142.00","1,144.53","1,140.56","1,144.53",1.92,0.17,"215,416,992.00",3/28/2019
1218,"1,140.69","1,142.81","1,140.16","1,142.61",1.89,0.17,"208,898,000.00",3/27/2019
1219,"1,138.86","1,140.90","1,136.70","1,140.72",2.05,0.18,"190,316,992.00",3/26/2019
1220,"1,134.65","1,139.71","1,132.06","1,138.67",3.87,0.34,"216,906,000.00",3/25/2019
1221,"1,141.33","1,142.14","1,131.14","1,134.80",-5.8,-0.51,"211,912,992.00",3/24/2019
1222,"1,148.61","1,150.30","1,140.00","1,140.60",-6.55,-0.57,"248,614,000.00",3/21/2019
1223,"1,155.72","1,158.78","1,147.15","1,147.15",-6.83,-0.59,"129,145,000.00",3/19/2019
1224,"1,161.05","1,164.62","1,153.98","1,153.98",-7.47,-0.64,"279,032,000.00",3/18/2019
1225,"1,156.18","1,165.19","1,156.18","1,161.45",5.95,0.51,"316,537,984.00",3/17/2019
1226,"1,149.64","1,156.19","1,142.89","1,155.50",5.4,0.47,"263,186,000.00",3/14/2019
1227,"1,157.85","1,166.24","1,150.10","1,150.10",-13.16,-1.13,"407,008,000.00",3/13/2019
1228,"1,148.69","1,163.26","1,143.99","1,163.26",20.33,1.78,"513,876,992.00",3/12/2019
1229,"1,129.51","1,142.93","1,125.94","1,142.93",14.22,1.26,"382,284,992.00",3/11/2019
1230,"1,127.29","1,129.41","1,118.21","1,128.71",0.94,0.08,"102,317,000.00",3/10/2019
1231,"1,112.45","1,127.77","1,112.45","1,127.77",16.01,1.44,"283,819,008.00",3/7/2019
1232,"1,103.17","1,111.76","1,100.97","1,111.76",9.12,0.83,"211,804,992.00",3/6/2019
1233,"1,100.95","1,104.61","1,098.95","1,102.64",2.06,0.19,"213,340,992.00",3/5/2019
1234,"1,108.26","1,108.84","1,100.58","1,100.58",-4.95,-0.45,"221,026,000.00",3/3/2019
1235,"1,103.65","1,111.04","1,103.17","1,105.53",2.97,0.27,"204,516,992.00",2/27/2019
1236,"1,109.77","1,110.22","1,101.59","1,102.56",-7.17,-0.65,"149,262,000.00",2/26/2019
1237,"1,102.45","1,109.73","1,100.13","1,109.73",7.41,0.67,"182,428,992.00",2/25/2019
1238,"1,115.20","1,115.25","1,102.32","1,102.32",-10.75,-0.97,"193,956,992.00",2/24/2019
1239,"1,113.60","1,114.14","1,110.15","1,113.07",0.84,0.08,"157,692,000.00",2/21/2019
1240,"1,128.97","1,128.97","1,112.33","1,112.23",-12.72,-1.13,"154,584,000.00",2/20/2019
1241,"1,103.35","1,124.23","1,102.30","1,124.23",21.72,1.97,"202,684,000.00",2/19/2019
1242,"1,110.27","1,111.14","1,101.81","1,102.51",-7.21,-0.65,"208,487,008.00",2/18/2019
1243,"1,117.70","1,122.10","1,107.92","1,109.72",-3.15,-0.28,"194,344,992.00",2/17/2019
1244,"1,120.19","1,120.30","1,112.15","1,112.87",-8.21,-0.73,"231,671,008.00",2/14/2019
1245,"1,129.86","1,132.39","1,121.08","1,121.08",-7.11,-0.63,"230,651,008.00",2/13/2019
1246,"1,131.32","1,132.50","1,126.42","1,128.19",-0.67,-0.06,"156,376,000.00",2/12/2019
1247,"1,126.46","1,132.37","1,124.51","1,128.86",1.33,0.12,"191,024,000.00",2/11/2019
1248,"1,138.62","1,138.86","1,125.83","1,127.53",-12.04,-1.06,"228,292,000.00",2/10/2019
1249,"1,139.29","1,140.62","1,137.14","1,139.57",-0.15,-0.01,"242,260,000.00",2/7/2019
1250,"1,147.23","1,147.31","1,139.09","1,139.72",-7.38,-0.64,"226,248,992.00",2/6/2019
1251,"1,143.58","1,149.40","1,143.39","1,147.10",2.83,0.25,"221,967,008.00",2/5/2019
1252,"1,152.98","1,155.08","1,144.27","1,144.27",-8.79,-0.76,"322,760,992.00",2/4/2019
1253,"1,160.57","1,161.22","1,152.16","1,153.06",-8.57,-0.74,"321,743,008.00",2/3/2019
1254,"1,162.34","1,163.86","1,160.26","1,161.63",1.04,0.09,"268,244,992.00",1/31/2019
1255,"1,160.53","1,163.27","1,159.35","1,160.59",-0.4,-0.03,"190,572,992.00",1/30/2019
1256,"1,164.91","1,165.09","1,160.10","1,160.99",-3.9,-0.33,"259,283,008.00",1/29/2019
1257,"1,162.94","1,164.89","1,161.48","1,164.89",4.05,0.35,"203,579,008.00",1/28/2019
1258,"1,171.35","1,171.72","1,160.84","1,160.84",-11.94,-1.02,"306,070,016.00",1/27/2019
1259,"1,172.27","1,175.42","1,170.54","1,172.78",-0.2,-0.02,"306,295,008.00",1/24/2019
1260,"1,168.14","1,172.98","1,167.99","1,172.98",4.15,0.36,"238,475,008.00",1/23/2019
1261,"1,164.56","1,172.03","1,163.58","1,168.83",1.14,0.1,"277,291,008.00",1/22/2019
1262,"1,175.68","1,175.68","1,167.69","1,167.69",-11.48,-0.97,"335,558,016.00",1/21/2019
1263,"1,190.67","1,191.41","1,177.02","1,179.17",-8.6,-0.72,"361,756,992.00",1/20/2019
1264,"1,190.66","1,190.66","1,186.52","1,187.77",-0.2,-0.02,"281,347,008.00",1/17/2019
1265,"1,195.54","1,200.32","1,187.97","1,187.97",-7.57,-0.63,"474,423,008.00",1/16/2019
1266,"1,180.98","1,195.54","1,180.78","1,195.54",17.51,1.49,"391,993,984.00",1/15/2019
1267,"1,175.05","1,179.00","1,175.00","1,178.03",2.98,0.25,"259,270,000.00",1/14/2019
1268,"1,181.53","1,182.44","1,173.46","1,175.05",-5.79,-0.49,"353,560,000.00",1/13/2019
1269,"1,179.36","1,183.19","1,179.36","1,180.84",1.48,0.13,"344,812,992.00",1/10/2019
1270,"1,177.87","1,177.07","1,183.12","1,179.36",2.29,0.19,"275,980,992.00",1/9/2019
1271,"1,177.87","1,180.85","1,177.15","1,177.07",-0.4,-0.03,"332,627,008.00",1/8/2019
1272,"1,170.72","1,181.17","1,170.36","1,177.46",6.67,0.57,"322,203,008.00",1/7/2019
1273,"1,178.25","1,181.58","1,170.11","1,170.79",-8.08,-0.69,"298,870,016.00",1/6/2019
1274,"1,180.47","1,184.95","1,178.06","1,178.87",-1.56,-0.13,"262,468,000.00",1/3/2019
1275,"1,185.91","1,186.90","1,180.43","1,180.43",-5.42,-0.46,"246,231,008.00",1/2/2019
1276,"1,187.30","1,196.18","1,183.84","1,185.91",-2.28,-0.19,"227,166,000.00",1/1/2019
1277,"1,204.68","1,207.25","1,188.19","1,188.19",-16.35,-1.36,"390,624,000.00",12/31/2018
1278,"1,215.14","1,219.29","1,204.24","1,204.54",-10.62,-0.87,"433,888,992.00",12/30/2018
1279,"1,216.57","1,232.74","1,211.72","1,215.16",-1.11,-0.09,"1,097,720,064.00",12/27/2018
1280,"1,186.11","1,216.27","1,184.30","1,216.27",30.24,2.55,"679,681,024.00",12/26/2018
1281,"1,192.61","1,192.95","1,182.41","1,186.03",-5.71,-0.48,"337,190,016.00",12/25/2018
1282,"1,198.26","1,207.88","1,190.86","1,191.74",-6.44,-0.54,"695,494,976.00",12/24/2018
1283,"1,166.33","1,198.18","1,166.33","1,198.18",32.21,2.76,"756,868,992.00",12/23/2018
1284,"1,162.65","1,173.80","1,162.65","1,165.97",3.27,0.28,"393,798,016.00",12/20/2018
1285,"1,168.29","1,171.58","1,158.88","1,162.70",-5.47,-0.47,"342,703,008.00",12/19/2018
1286,"1,183.12","1,185.36","1,165.59","1,168.17",-14.61,-1.24,"512,580,992.00",12/18/2018
1287,"1,167.55","1,182.81","1,166.06","1,182.78",15.11,1.29,"360,561,984.00",12/17/2018
1288,"1,149.23","1,168.59","1,149.23","1,167.67",18.89,1.64,"437,036,992.00",12/16/2018
1289,"1,141.25","1,153.17","1,140.54","1,148.78",7.6,0.67,"298,800,000.00",12/13/2018
1290,"1,140.83","1,143.70","1,137.67","1,141.18",0.08,0.01,"208,110,000.00",12/12/2018
1291,"1,143.85","1,145.75","1,139.95","1,141.10",-3.09,-0.27,"370,360,992.00",12/11/2018
1292,"1,131.43","1,145.61","1,131.43","1,144.19",12.49,1.1,"386,500,000.00",12/10/2018
1293,"1,121.16","1,128.45","1,121.10","1,131.70",10.86,0.97,"218,708,992.00",12/9/2018
1294,"1,117.97","1,126.00","1,109.32","1,120.84",2.71,0.24,"338,912,992.00",12/6/2018
1295,"1,140.99","1,142.06","1,117.45","1,118.13",-23.82,-2.09,"329,556,992.00",12/5/2018
1296,"1,133.00","1,142.01","1,131.15","1,142.01",10.28,0.91,"363,332,992.00",12/4/2018
1297,"1,130.31","1,144.00","1,128.91","1,131.73",0.9,0.08,"622,254,976.00",12/3/2018
1298,"1,148.29","1,148.36","1,129.89","1,130.89",-17.47,-1.52,"451,952,000.00",12/2/2018
1299,"1,159.07","1,160.42","1,148.13","1,148.36",-10.72,-0.92,"314,926,016.00",11/29/2018
1300,"1,161.50","1,162.98","1,158.75","1,159.08",-2.41,-0.21,"396,228,000.00",11/28/2018
1301,"1,159.75","1,167.17","1,159.75","1,161.49",1.67,0.14,"218,848,992.00",11/27/2018
1302,"1,166.59","1,167.19","1,159.31","1,159.82",-6.81,-0.58,"293,713,984.00",11/26/2018
1303,"1,181.96","1,182.44","1,166.01","1,166.63",-14.62,-1.24,"244,220,992.00",11/25/2018
1304,"1,184.01","1,184.92","1,181.34","1,181.24",-1.31,-0.11,"248,907,008.00",11/22/2018
1305,"1,182.17","1,182.74","1,176.45","1,182.55",0.8,0.07,"227,711,008.00",11/21/2018
1306,"1,189.97","1,190.15","1,181.66","1,181.75",-8.45,-0.72,"171,414,000.00",11/20/2018
1307,"1,196.08","1,196.15","1,187.96","1,190.20",-5.25,-0.44,"207,570,000.00",11/19/2018
1308,"1,203.94","1,204.79","1,194.18","1,195.45",-9.57,-0.79,"319,399,008.00",11/18/2018
1309,"1,208.89","1,213.63","1,205.20","1,205.02",-3.88,-0.32,"236,074,000.00",11/15/2018
1310,"1,208.28","1,209.23","1,203.58","1,208.89",1.32,0.11,"178,260,736.00",11/14/2018
1311,"1,192.87","1,209.10","1,191.72","1,207.57",14.24,1.19,"166,104,000.00",11/13/2018
1312,"1,204.64","1,204.64","1,192.22","1,193.34",-11.88,-0.99,"132,057,000.00",11/12/2018
1313,"1,224.39","1,224.39","1,205.22","1,205.22",-17.31,-1.42,"98,566,496.00",11/11/2018
1314,"1,222.53","1,222.53","1,222.53","1,222.53",3.33,0.27,"33,213,900.00",11/6/2018
1315,"1,207.28","1,219.75","1,205.81","1,219.20",11.92,0.99,"239,046,000.00",11/5/2018
1316,"1,220.98","1,221.22","1,206.48","1,207.28",-13.7,-1.12,"280,206,016.00",11/4/2018
1317,"1,221.46","1,223.76","1,217.46","1,220.98",-0.48,-0.04,"241,964,000.00",11/1/2018
1318,"1,224.36","1,224.99","1,218.83","1,221.46",-2.9,-0.24,"158,274,000.00",10/31/2018
1319,"1,216.93","1,224.36","1,216.00","1,224.36",7.43,0.61,"213,728,000.00",10/30/2018
1320,"1,227.49","1,227.49","1,215.82","1,216.93",-10.56,-0.86,"214,403,008.00",10/29/2018
1321,"1,241.11","1,241.82","1,225.38","1,227.49",-13.62,-1.1,"300,731,008.00",10/28/2018
1322,"1,249.93","1,250.30","1,240.58","1,241.11",-8.82,-0.71,"270,716,000.00",10/25/2018
1323,"1,241.84","1,250.45","1,239.01","1,249.93",8.09,0.65,"218,378,000.00",10/24/2018
1324,"1,244.54","1,246.22","1,238.63","1,241.84",-2.7,-0.22,"192,782,000.00",10/23/2018
1325,"1,246.52","1,248.09","1,240.58","1,244.54",-1.98,-0.16,"167,090,000.00",10/22/2018
1326,"1,241.63","1,248.51","1,241.15","1,246.52",4.89,0.39,"136,048,000.00",10/21/2018
1327,"1,242.43","1,246.14","1,241.48","1,241.63",-0.8,-0.06,"306,736,992.00",10/15/2018
1328,"1,228.28","1,242.43","1,228.16","1,242.43",14.15,1.15,"265,802,000.00",10/14/2018
1329,"1,218.33","1,228.28","1,214.77","1,228.28",9.95,0.82,"231,244,000.00",10/11/2018
1330,"1,217.93","1,218.86","1,213.58","1,218.33",0.4,0.03,"218,171,008.00",10/10/2018
1331,"1,220.52","1,227.07","1,217.06","1,217.93",-2.59,-0.21,"336,793,984.00",10/9/2018
1332,"1,214.36","1,222.78","1,213.36","1,220.52",6.16,0.51,"360,992,992.00",10/8/2018
1333,"1,227.37","1,227.37","1,212.88","1,214.36",-13.01,-1.06,"378,448,000.00",10/7/2018
1334,"1,230.60","1,231.84","1,221.33","1,227.37",-3.23,-0.26,"365,169,984.00",10/4/2018
1335,"1,241.36","1,242.27","1,230.60","1,230.60",-10.76,-0.87,"365,169,984.00",10/3/2018
1336,"1,238.67","1,247.44","1,237.53","1,241.36",2.69,0.22,"440,748,992.00",10/2/2018
1337,"1,256.71","1,258.26","1,237.97","1,238.67",-18.04,-1.44,"524,752,000.00",10/1/2018
1338,"1,267.18","1,267.76","1,253.44","1,256.71",-10.47,-0.83,"561,558,976.00",9/30/2018
1339,"1,277.74","1,278.71","1,266.18","1,267.18",-10.56,-0.83,"492,740,992.00",9/27/2018
1340,"1,280.05","1,288.52","1,270.05","1,277.74",-2.31,-0.18,"890,030,016.00",9/26/2018
1341,"1,257.68","1,283.45","1,257.74","1,280.05",22.37,1.78,"1,051,049,984.00",9/25/2018
1342,"1,255.09","1,260.39","1,250.90","1,257.68",2.61,0.21,"618,721,024.00",9/23/2018
1343,"1,258.81","1,260.96","1,249.78","1,255.07",-3.74,-0.3,"528,860,992.00",9/20/2018
1344,"1,256.40","1,261.61","1,251.25","1,258.81",2.41,0.19,"440,420,000.00",9/18/2018
1345,"1,256.55","1,261.19","1,247.90","1,256.40",-0.13,-0.01,"579,804,992.00",9/17/2018
1346,"1,244.84","1,270.19","1,244.99","1,256.53",11.69,0.94,"886,097,024.00",9/16/2018
1347,"1,230.71","1,246.24","1,230.80","1,244.84",14.13,1.15,"687,436,992.00",9/13/2018
1348,"1,217.65","1,230.96","1,215.62","1,230.71",13.06,1.07,"399,812,000.00",9/12/2018
1349,"1,210.88","1,224.60","1,210.88","1,217.65",6.77,0.56,"314,528,000.00",9/11/2018
1350,"1,218.98","1,220.25","1,206.88","1,210.88",-8.1,-0.66,"234,584,000.00",9/10/2018
1351,"1,229.77","1,230.37","1,217.33","1,218.98",-10.79,-0.88,"298,512,992.00",9/9/2018
1352,"1,234.15","1,247.35","1,224.25","1,229.77",-4.36,-0.35,"695,782,016.00",9/6/2018
1353,"1,210.24","1,243.61","1,210.30","1,234.13",23.89,1.97,"690,163,008.00",9/5/2018
1354,"1,206.26","1,214.20","1,202.68","1,210.24",3.98,0.33,"405,795,008.00",9/4/2018
1355,"1,190.28","1,213.86","1,190.27","1,206.26",15.98,1.34,"519,075,008.00",9/3/2018
1356,"1,181.69","1,191.93","1,178.59","1,190.28",8.59,0.73,"283,239,008.00",9/2/2018
1357,"1,172.30","1,181.69","1,170.69","1,181.69",9.39,0.8,"214,779,008.00",8/30/2018
1358,"1,177.09","1,177.79","1,171.00","1,172.30",-4.79,-0.41,"177,668,000.00",8/29/2018
1359,"1,175.72","1,177.09","1,172.78","1,177.09",1.37,0.12,"176,827,008.00",8/28/2018
1360,"1,178.50","1,178.67","1,175.50","1,175.72",-2.78,-0.24,"131,823,000.00",8/26/2018
1361,"1,182.42","1,183.13","1,175.35","1,178.50",-3.92,-0.33,"261,260,992.00",8/23/2018
1362,"1,183.89","1,185.34","1,180.26","1,182.42",-1.47,-0.12,"105,630,000.00",8/22/2018
1363,"1,188.08","1,188.27","1,181.98","1,183.89",-4.18,-0.35,"173,720,000.00",8/21/2018
1364,"1,196.29","1,196.84","1,185.82","1,188.07",-8.22,-0.69,"193,962,000.00",8/20/2018
1365,"1,210.32","1,210.75","1,195.70","1,196.29",-14.03,-1.16,"281,052,992.00",8/19/2018
1366,"1,209.71","1,218.71","1,203.14","1,210.32",0.61,0.05,"410,744,992.00",8/16/2018
1367,"1,180.98","1,210.09","1,180.99","1,209.71",28.73,2.43,"315,848,000.00",8/15/2018
1368,"1,174.37","1,181.39","1,170.09","1,180.98",6.61,0.56,"179,439,008.00",8/14/2018
1369,"1,163.94","1,174.62","1,161.96","1,174.37",10.43,0.9,"162,339,008.00",8/13/2018
1370,"1,180.63","1,181.58","1,163.41","1,163.94",-16.69,-1.41,"240,828,992.00",8/12/2018
1371,"1,187.32","1,189.23","1,179.25","1,180.63",-6.69,-0.56,"185,994,000.00",8/9/2018
1372,"1,188.21","1,190.30","1,186.09","1,187.32",-0.89,-0.08,"139,159,008.00",8/8/2018
1373,"1,189.67","1,192.06","1,186.26","1,188.21",-1.46,-0.12,"171,795,008.00",8/7/2018
1374,"1,189.88","1,192.97","1,188.05","1,189.67",-0.21,-0.02,"156,654,000.00",8/6/2018
1375,"1,191.31","1,192.53","1,188.44","1,189.88",-1.43,-0.12,"158,752,992.00",8/5/2018
1376,"1,193.87","1,195.94","1,191.13","1,191.31",-2.56,-0.21,"185,231,008.00",8/2/2018
1377,"1,191.47","1,194.61","1,190.04","1,193.87",2.4,0.2,"166,588,000.00",8/1/2018
1378,"1,194.38","1,196.56","1,189.77","1,191.47",-2.91,-0.24,"162,706,000.00",7/31/2018
1379,"1,194.82","1,198.56","1,193.17","1,194.38",-0.44,-0.04,"271,272,992.00",7/30/2018
1380,"1,191.20","1,196.79","1,191.20","1,194.82",3.62,0.3,"175,888,992.00",7/29/2018
1381,"1,194.35","1,197.00","1,188.15","1,191.20",-3.15,-0.26,"179,884,992.00",7/26/2018
1382,"1,194.50","1,200.00","1,192.26","1,194.35",-4.92,-0.41,"148,591,008.00",7/25/2018
1383,"1,194.50","1,213.15","1,194.09","1,199.27",4.77,0.4,"281,844,992.00",7/24/2018
1384,"1,181.66","1,194.90","1,181.40","1,194.50",12.84,1.09,"178,876,992.00",7/23/2018
1385,"1,193.39","1,194.00","1,181.12","1,181.66",-11.73,-0.98,"198,144,992.00",7/22/2018
1386,"1,198.77","1,199.54","1,192.78","1,193.39",-5.38,-0.45,"239,239,008.00",7/19/2018
1387,"1,204.31","1,205.15","1,196.21","1,198.77",-5.54,-0.46,"163,767,008.00",7/18/2018
1388,"1,212.36","1,214.85","1,202.85","1,204.31",-8.05,-0.66,"192,836,992.00",7/17/2018
1389,"1,200.09","1,212.36","1,197.06","1,212.36",12.27,1.02,"93,616,400.00",7/16/2018
1390,"1,191.98","1,200.31","1,192.00","1,200.09",8.11,0.68,"160,974,000.00",7/15/2018
1391,"1,205.64","1,210.60","1,190.09","1,191.98",-13.66,-1.13,"372,244,992.00",7/12/2018
1392,"1,205.93","1,221.75","1,204.29","1,205.64",-0.29,-0.02,"353,544,992.00",7/11/2018
1393,"1,206.43","1,214.45","1,202.79","1,205.93",-0.5,-0.04,"252,370,000.00",7/10/2018
1394,"1,224.39","1,226.09","1,204.95","1,206.43",-17.96,-1.47,"381,536,000.00",7/9/2018
1395,"1,224.41","1,240.93","1,224.37","1,224.39",-0.02,0,"453,251,008.00",7/8/2018
1396,"1,188.40","1,224.41","1,188.37","1,224.41",36.01,3.03,"445,847,008.00",7/5/2018
1397,"1,180.36","1,190.17","1,175.88","1,188.40",8.04,0.68,"226,062,000.00",7/4/2018
1398,"1,179.71","1,183.03","1,174.56","1,180.36",0.65,0.06,"180,480,000.00",7/3/2018
1399,"1,184.53","1,187.04","1,174.83","1,179.71",-4.82,-0.41,"196,692,992.00",7/2/2018
1400,"1,198.54","1,199.05","1,183.52","1,184.53",-14.01,-1.17,"187,736,992.00",7/1/2018
1401,"1,199.42","1,203.96","1,197.34","1,198.54",-0.88,-0.07,"219,600,992.00",6/28/2018
1402,"1,194.80","1,205.53","1,190.95","1,199.42",4.62,0.39,"159,571,008.00",6/27/2018
1403,"1,210.09","1,211.17","1,194.35","1,194.80",-15.29,-1.26,"208,990,000.00",6/26/2018
1404,"1,219.81","1,220.76","1,209.02","1,210.09",-9.72,-0.8,"178,132,000.00",6/25/2018
1405,"1,218.46","1,227.74","1,216.21","1,219.81",1.35,0.11,"173,104,992.00",6/24/2018
1406,"1,217.84","1,225.43","1,211.31","1,218.46",0.62,0.05,"170,062,000.00",6/21/2018
1407,"1,226.18","1,226.83","1,217.46","1,217.84",-8.34,-0.68,"242,912,992.00",6/20/2018
1408,"1,235.15","1,236.48","1,223.93","1,226.18",-8.97,-0.73,"189,708,992.00",6/19/2018
1409,"1,233.23","1,235.15","1,221.92","1,235.15",1.92,0.16,"188,058,000.00",6/18/2018
1410,"1,247.30","1,248.62","1,232.41","1,233.23",-14.07,-1.13,"226,919,008.00",6/17/2018
1411,"1,239.26","1,252.87","1,241.85","1,247.30",5.23,0.42,"269,468,000.00",6/14/2018
1412,"1,239.26","1,243.10","1,235.01","1,242.07",2.81,0.23,"189,940,992.00",6/13/2018
1413,"1,241.19","1,244.85","1,230.42","1,239.26",-1.93,-0.16,"271,081,984.00",6/12/2018
1414,"1,231.64","1,252.70","1,223.78","1,241.19",9.55,0.78,"371,065,984.00",6/11/2018
1415,"1,257.07","1,259.04","1,231.06","1,231.64",-25.43,-2.02,"427,745,984.00",6/10/2018
1416,"1,282.75","1,285.84","1,256.75","1,257.07",-25.68,-2,"413,830,016.00",6/7/2018
1417,"1,268.84","1,295.82","1,268.91","1,282.75",13.91,1.1,"189,312,992.00",6/6/2018
1418,"1,273.95","1,281.98","1,258.58","1,268.84",-5.11,-0.4,"403,524,992.00",6/4/2018
1419,"1,307.66","1,307.63","1,273.02","1,273.95",-33.71,-2.58,"496,812,000.00",6/3/2018
1420,"1,327.21","1,323.11","1,305.61","1,307.66",-14.61,-1.1,"327,692,000.00",5/31/2018
1421,"1,327.21","1,341.71","1,318.24","1,322.27",-4.94,-0.37,"428,747,008.00",5/30/2018
1422,"1,336.39","1,340.60","1,322.34","1,327.21",-9.18,-0.69,"407,628,992.00",5/29/2018
1423,"1,300.41","1,336.71","1,291.34","1,336.39",35.98,2.77,"397,385,984.00",5/28/2018
1424,"1,318.22","1,318.30","1,300.13","1,300.41",-17.81,-1.35,"368,198,016.00",5/27/2018
1425,"1,328.27","1,331.02","1,317.34","1,318.22",-10.05,-0.76,"364,064,992.00",5/24/2018
1426,"1,332.82","1,333.05","1,326.28","1,328.27",-4.55,-0.34,"290,099,008.00",5/23/2018
1427,"1,337.15","1,338.29","1,331.81","1,332.82",-4.31,-0.32,"310,732,992.00",5/22/2018
1428,"1,339.19","1,340.72","1,332.27","1,337.13",-2.06,-0.15,"300,710,016.00",5/21/2018
1429,"1,339.65","1,356.94","1,335.94","1,339.19",-0.46,-0.03,"322,665,984.00",5/20/2018
1430,"1,338.01","1,348.12","1,337.65","1,339.65",1.64,0.12,"276,532,000.00",5/17/2018
1431,"1,333.85","1,338.45","1,333.54","1,338.01",4.16,0.31,"213,126,000.00",5/16/2018
1432,"1,338.17","1,341.18","1,332.41","1,333.85",-4.32,-0.32,"136,671,008.00",5/15/2018
1433,"1,348.45","1,350.14","1,337.44","1,338.17",-10.28,-0.76,"395,136,992.00",5/14/2018
1434,"1,356.15","1,356.93","1,348.45","1,348.45",-7.7,-0.57,"332,507,008.00",5/10/2018
1435,"1,361.02","1,365.62","1,352.67","1,356.15",-4.87,-0.36,"331,771,008.00",5/9/2018
1436,"1,345.37","1,361.02","1,344.32","1,361.02",15.65,1.16,"476,043,008.00",5/8/2018
1437,"1,353.64","1,353.79","1,344.00","1,345.37",-8.27,-0.61,"406,921,984.00",5/7/2018
1438,"1,366.15","1,366.67","1,353.40","1,353.64",-12.51,-0.92,"345,672,992.00",5/6/2018
1439,"1,360.38","1,376.68","1,360.41","1,366.15",5.77,0.42,"710,668,992.00",5/3/2018
1440,"1,349.01","1,360.87","1,335.39","1,360.38",11.37,0.84,"362,500,000.00",5/2/2018
1441,"1,357.22","1,362.66","1,337.93","1,349.01",-8.21,-0.6,"378,035,008.00",4/29/2018
1442,"1,386.47","1,392.63","1,354.19","1,357.22",-29.25,-2.11,"567,923,968.00",4/26/2018
1443,"1,394.86","1,399.46","1,384.59","1,386.47",-8.39,-0.6,"529,377,984.00",4/25/2018
1444,"1,410.85","1,413.99","1,391.19","1,394.86",-15.99,-1.13,"688,872,000.00",4/24/2018
1445,"1,438.49","1,461.21","1,398.41","1,410.85",-27.64,-1.92,"1,457,789,952.00",4/23/2018
1446,"1,388.31","1,438.57","1,388.66","1,438.49",50.18,3.61,"1,154,540,032.00",4/22/2018
1447,"1,363.01","1,391.74","1,361.18","1,388.31",25.3,1.86,"1,044,529,984.00",4/19/2018
1448,"1,331.18","1,392.16","1,327.78","1,363.01",31.83,2.39,"1,064,979,968.00",4/18/2018
1449,"1,297.57","1,334.45","1,297.58","1,331.18",33.61,2.59,"916,345,984.00",4/17/2018
1450,"1,280.15","1,302.10","1,277.01","1,297.57",17.42,1.36,"560,924,992.00",4/16/2018
1451,"1,277.55","1,280.90","1,259.21","1,280.15",2.6,0.2,"292,868,992.00",4/15/2018
1452,"1,273.33","1,285.54","1,273.37","1,277.55",4.22,0.33,"404,896,992.00",4/12/2018
1453,"1,270.23","1,273.35","1,257.92","1,273.33",3.1,0.24,"250,412,000.00",4/11/2018
1454,"1,287.78","1,292.00","1,266.85","1,270.23",-17.55,-1.36,"333,681,984.00",4/10/2018
1455,"1,294.65","1,316.60","1,286.76","1,287.78",-6.87,-0.53,"796,424,000.00",4/9/2018
1456,"1,250.39","1,303.30","1,250.19","1,294.65",44.26,3.54,"885,886,976.00",4/8/2018
1457,"1,226.45","1,250.49","1,226.45","1,250.39",23.94,1.95,"605,590,976.00",4/5/2018
1458,"1,199.00","1,227.97","1,199.06","1,226.45",27.45,2.29,"318,393,984.00",4/4/2018
1459,"1,192.96","1,200.35","1,188.51","1,199.00",6.04,0.51,"213,594,000.00",4/3/2018
1460,"1,196.24","1,199.78","1,191.24","1,192.96",-3.28,-0.27,"184,803,008.00",4/2/2018
1461,"1,204.81","1,222.63","1,185.51","1,196.24",-24.05,-1.97,"293,590,016.00",4/1/2018
1462,"1,204.81","1,222.58","1,204.69","1,220.29",15.48,1.28,"321,771,008.00",3/29/2018
1463,"1,207.71","1,222.95","1,187.04","1,204.81",-2.9,-0.24,"493,057,984.00",3/28/2018
1464,"1,168.55","1,217.39","1,134.92","1,207.71",39.16,3.35,"468,104,000.00",3/27/2018
1465,"1,220.44","1,220.44","1,166.01","1,168.55",-51.89,-4.25,"453,727,008.00",3/26/2018
1466,"1,231.07","1,238.61","1,207.56","1,220.44",-10.63,-0.86,"431,647,008.00",3/22/2018
1467,"1,255.47","1,257.52","1,224.39","1,231.07",-24.4,-1.94,"360,376,992.00",3/21/2018
1468,"1,270.52","1,271.13","1,249.60","1,255.47",-15.05,-1.18,"302,363,008.00",3/20/2018
1469,"1,278.96","1,281.34","1,269.25","1,270.52",-8.44,-0.66,"256,922,000.00",3/19/2018
1470,"1,288.36","1,292.72","1,277.53","1,278.96",-9.4,-0.73,"266,955,008.00",3/18/2018
1471,"1,285.96","1,298.68","1,284.75","1,288.36",2.4,0.19,"221,290,000.00",3/15/2018
1472,"1,281.90","1,285.96","1,279.28","1,285.96",4.06,0.32,"168,392,000.00",3/14/2018
1473,"1,277.01","1,281.90","1,276.68","1,281.90",4.89,0.38,"226,427,008.00",3/13/2018
1474,"1,284.09","1,289.52","1,273.03","1,277.01",-7.08,-0.55,"297,712,992.00",3/12/2018
1475,"1,315.13","1,315.51","1,283.85","1,284.09",-31.04,-2.36,"303,252,992.00",3/11/2018
1476,"1,296.44","1,315.13","1,295.83","1,315.13",18.69,1.44,"422,131,008.00",3/7/2018
1477,"1,287.74","1,306.10","1,267.23","1,296.44",8.7,0.68,"430,979,008.00",3/6/2018
1478,"1,304.43","1,319.54","1,286.19","1,287.74",-16.69,-1.28,"371,527,008.00",3/5/2018
1479,"1,345.99","1,345.79","1,291.42","1,304.43",-41.56,-3.09,"440,904,000.00",3/4/2018
1480,"1,364.81","1,364.96","1,343.80","1,345.99",-18.82,-1.38,"491,740,992.00",2/28/2018
1481,"1,358.95","1,377.62","1,358.69","1,364.81",5.86,0.43,"437,884,992.00",2/27/2018
1482,"1,374.73","1,379.78","1,356.64","1,358.95",-15.78,-1.15,"446,529,984.00",2/26/2018
1483,"1,386.98","1,389.31","1,374.08","1,374.73",-12.25,-0.88,"252,644,000.00",2/25/2018
1484,"1,387.08","1,395.40","1,382.04","1,386.98",-0.1,-0.01,"330,896,992.00",2/22/2018
1485,"1,396.72","1,397.66","1,386.00","1,387.08",-9.64,-0.69,"244,471,008.00",2/21/2018
1486,"1,413.90","1,424.38","1,396.59","1,396.72",-17.18,-1.22,"310,777,984.00",2/20/2018
1487,"1,424.95","1,444.94","1,413.07","1,413.90",-11.05,-0.78,"567,721,984.00",2/18/2018
1488,"1,388.94","1,426.56","1,388.94","1,424.95",36.01,2.59,"628,467,008.00",2/15/2018
1489,"1,380.29","1,389.04","1,376.18","1,388.94",8.65,0.63,"277,982,016.00",2/14/2018
1490,"1,384.71","1,385.87","1,378.64","1,380.29",-4.42,-0.32,"218,002,000.00",2/12/2018
1491,"1,391.03","1,394.37","1,383.95","1,384.71",-6.32,-0.45,"194,698,000.00",2/11/2018
1492,"1,382.02","1,391.12","1,378.58","1,391.03",9.01,0.65,"256,940,000.00",2/8/2018
1493,"1,394.03","1,395.25","1,380.99","1,382.02",-12.01,-0.86,"255,580,000.00",2/7/2018
1494,"1,400.05","1,401.58","1,393.16","1,394.03",-6.02,-0.43,"222,879,008.00",2/6/2018
1495,"1,404.49","1,413.14","1,399.20","1,400.05",-10.46,-0.74,"287,900,992.00",2/5/2018
1496,"1,404.49","1,418.21","1,409.62","1,410.51",-1.01,-0.07,"440,143,008.00",2/4/2018
1497,"1,404.49","1,415.18","1,403.15","1,411.52",7.03,0.5,"396,398,016.00",2/1/2018
1498,"1,402.23","1,405.99","1,399.67","1,404.49",2.26,0.16,"291,264,000.00",1/31/2018
1499,"1,405.95","1,407.86","1,397.73","1,402.23",-3.72,-0.26,"261,374,000.00",1/29/2018
1500,"1,404.53","1,411.68","1,403.46","1,405.95",1.42,0.1,"341,291,008.00",1/28/2018
1501,"1,394.73","1,404.53","1,394.28","1,404.53",9.8,0.7,"271,240,000.00",1/25/2018
1502,"1,393.04","1,397.10","1,391.35","1,394.73",1.69,0.12,"218,552,000.00",1/24/2018
1503,"1,402.09","1,402.94","1,392.09","1,393.04",-9.05,-0.65,"301,217,984.00",1/23/2018
1504,"1,402.67","1,407.28","1,400.60","1,402.09",-0.58,-0.04,"336,096,000.00",1/22/2018
1505,"1,406.52","1,413.45","1,402.31","1,402.67",-3.85,-0.27,"381,268,992.00",1/21/2018
1506,"1,413.71","1,413.77","1,399.39","1,406.52",-7.19,-0.51,"398,921,984.00",1/17/2018
1507,"1,431.10","1,431.17","1,408.88","1,413.71",-17.39,-1.22,"340,700,992.00",1/16/2018
1508,"1,440.29","1,442.03","1,426.45","1,431.10",-9.19,-0.64,"316,456,000.00",1/14/2018
1509,"1,456.07","1,457.89","1,439.87","1,440.29",-15.78,-1.08,"356,148,000.00",1/10/2018
1510,"1,443.80","1,457.90","1,441.88","1,456.07",12.27,0.85,"459,059,008.00",1/9/2018
1511,"1,431.80","1,448.78","1,431.80","1,443.80",12,0.84,"444,126,016.00",1/8/2018
1512,"1,423.83","1,435.23","1,422.31","1,431.80",7.97,0.56,"316,608,992.00",1/7/2018
1513,"1,416.61","1,423.83","1,414.74","1,423.83",7.22,0.51,"365,937,984.00",1/4/2018
1514,"1,437.24","1,439.24","1,414.96","1,416.61",-20.63,-1.44,"435,828,992.00",1/3/2018
1515,"1,434.80","1,453.85","1,429.85","1,437.24",2.44,0.17,"603,081,984.00",1/2/2018
1516,"1,390.58","1,434.95","1,390.59","1,434.80",44.22,3.18,"462,478,016.00",1/1/2018
1517,"1,414.78","1,414.87","1,382.33","1,390.58",-24.2,-1.71,"422,227,008.00",12/31/2017
1518,"1,425.51","1,427.47","1,409.31","1,414.78",-10.73,-0.75,"732,625,984.00",12/28/2017
1519,"1,447.04","1,447.30","1,421.29","1,425.51",-21.53,-1.49,"643,049,984.00",12/27/2017
1520,"1,467.68","1,470.84","1,445.25","1,447.04",-20.64,-1.41,"523,652,992.00",12/26/2017
1521,"1,472.15","1,481.06","1,466.46","1,467.68",-4.47,-0.3,"500,308,000.00",12/24/2017
1522,"1,484.47","1,487.16","1,470.64","1,472.15",-12.32,-0.83,"447,976,000.00",12/21/2017
1523,"1,493.76","1,494.06","1,482.52","1,484.47",-9.29,-0.62,"391,591,008.00",12/20/2017
1524,"1,508.25","1,510.96","1,493.00","1,493.76",-14.49,-0.96,"490,559,008.00",12/19/2017
1525,"1,509.14","1,516.90","1,507.68","1,508.25",-0.89,-0.06,"518,272,992.00",12/18/2017
1526,"1,520.15","1,520.95","1,505.84","1,509.14",-11.01,-0.72,"479,945,984.00",12/17/2017
1527,"1,520.74","1,524.39","1,515.16","1,520.15",-0.59,-0.04,"404,048,000.00",12/14/2017
1528,"1,510.21","1,520.81","1,504.13","1,520.74",10.53,0.7,"430,999,008.00",12/13/2017
1529,"1,527.75","1,530.84","1,509.86","1,510.21",-17.54,-1.15,"556,129,984.00",12/12/2017
1530,"1,530.49","1,533.01","1,520.19","1,527.75",-2.74,-0.18,"379,048,000.00",12/11/2017
1531,"1,536.54","1,556.84","1,529.12","1,530.49",-6.05,-0.39,"807,576,000.00",12/10/2017
1532,"1,524.87","1,537.51","1,524.36","1,536.54",11.67,0.77,"608,851,968.00",12/6/2017
1533,"1,526.77","1,528.63","1,517.99","1,524.87",-1.9,-0.12,"490,348,992.00",12/5/2017
1534,"1,537.67","1,544.93","1,524.54","1,526.77",-10.9,-0.71,"525,312,992.00",12/4/2017
1535,"1,536.12","1,540.84","1,527.14","1,537.67",1.55,0.1,"714,825,984.00",11/30/2017
1536,"1,523.86","1,548.67","1,523.86","1,536.12",12.26,0.8,"1,009,910,016.00",11/29/2017
1537,"1,513.74","1,524.01","1,510.23","1,523.86",10.12,0.67,"542,232,000.00",11/28/2017
1538,"1,514.34","1,521.15","1,508.22","1,513.74",-0.6,-0.04,"640,464,000.00",11/27/2017
1539,"1,493.29","1,516.73","1,493.29","1,514.34",21.05,1.41,"588,665,984.00",11/26/2017
1540,"1,480.26","1,494.10","1,480.26","1,493.29",13.03,0.88,"426,372,000.00",11/23/2017
1541,"1,469.16","1,482.05","1,470.97","1,480.26",8.02,0.54,"295,387,008.00",11/22/2017
1542,"1,469.16","1,481.30","1,465.89","1,472.24",3.08,0.21,"290,092,000.00",11/21/2017
1543,"1,475.72","1,476.53","1,467.07","1,469.16",-6.56,-0.44,"354,720,000.00",11/20/2017
1544,"1,489.06","1,494.20","1,475.04","1,475.72",-13.34,-0.9,"424,575,008.00",11/19/2017
1545,"1,504.79","1,506.81","1,488.52","1,489.06",-15.73,-1.05,"416,516,000.00",11/16/2017
1546,"1,516.02","1,521.01","1,503.97","1,504.79",-11.23,-0.74,"584,502,016.00",11/15/2017
1547,"1,490.88","1,521.87","1,490.82","1,516.02",25.14,1.69,"681,294,016.00",11/14/2017
1548,"1,477.14","1,492.02","1,476.86","1,490.88",13.74,0.93,"514,395,008.00",11/13/2017
1549,"1,460.73","1,477.19","1,456.66","1,477.14",16.41,1.12,"323,486,016.00",11/12/2017
1550,"1,466.62","1,475.83","1,452.24","1,460.73",-5.89,-0.4,"444,492,992.00",11/9/2017
1551,"1,484.45","1,484.54","1,459.40","1,466.62",-17.83,-1.2,"446,584,992.00",11/8/2017
1552,"1,493.42","1,503.32","1,483.92","1,484.45",-8.97,-0.6,"377,729,984.00",11/7/2017
1553,"1,496.46","1,503.43","1,480.32","1,493.42",-3.04,-0.2,"486,160,000.00",11/6/2017
1554,"1,522.81","1,524.43","1,489.17","1,496.46",-26.35,-1.73,"581,257,024.00",11/5/2017
1555,"1,526.51","1,527.08","1,519.77","1,522.81",-3.7,-0.24,"360,876,000.00",11/2/2017
1556,"1,533.53","1,535.88","1,523.52","1,526.51",-7.02,-0.46,"368,937,984.00",11/1/2017
1557,"1,536.72","1,539.94","1,528.12","1,533.53",-3.19,-0.21,"339,512,992.00",10/31/2017
1558,"1,540.23","1,542.91","1,534.20","1,536.72",-3.51,-0.23,"389,572,000.00",10/30/2017
1559,"1,553.72","1,555.21","1,539.41","1,540.23",-13.49,-0.87,"373,524,000.00",10/29/2017
1560,"1,567.64","1,568.06","1,552.91","1,553.72",-13.92,-0.89,"409,729,984.00",10/25/2017
1561,"1,568.30","1,572.40","1,562.56","1,567.64",-0.66,-0.04,"377,179,008.00",10/24/2017
1562,"1,571.92","1,575.67","1,564.48","1,568.30",-3.62,-0.23,"377,179,008.00",10/23/2017
1563,"1,568.35","1,586.89","1,567.96","1,571.92",3.57,0.23,"346,168,992.00",10/22/2017
1564,"1,559.18","1,568.52","1,548.32","1,568.35",9.17,0.59,"350,052,000.00",10/18/2017
1565,"1,564.90","1,573.91","1,552.12","1,559.18",-5.72,-0.37,"554,140,032.00",10/17/2017
1566,"1,518.28","1,564.99","1,518.28","1,564.90",46.62,3.07,"545,788,032.00",10/16/2017
1567,"1,510.02","1,518.47","1,507.95","1,518.28",8.26,0.55,"498,376,000.00",10/15/2017
1568,"1,505.99","1,512.30","1,505.52","1,510.02",4.03,0.27,"386,200,992.00",10/12/2017
1569,"1,502.63","1,513.38","1,499.38","1,505.99",3.36,0.22,"274,908,000.00",10/11/2017
1570,"1,501.89","1,507.82","1,493.97","1,502.63",0.74,0.05,"297,796,000.00",10/10/2017
1571,"1,510.01","1,513.06","1,493.83","1,501.89",-8.12,-0.54,"308,187,008.00",10/9/2017
1572,"1,542.65","1,542.53","1,492.20","1,510.01",-32.64,-2.12,"389,966,016.00",10/8/2017
1573,"1,556.35","1,558.61","1,539.89","1,542.65",-13.7,-0.88,"272,360,992.00",10/4/2017
1574,"1,549.46","1,556.35","1,546.10","1,556.35",6.89,0.44,"129,759,000.00",10/3/2017
1575,"1,545.44","1,553.44","1,545.34","1,549.46",4.02,0.26,"303,448,000.00",9/26/2017
1576,"1,536.92","1,545.65","1,536.85","1,545.44",8.52,0.55,"255,570,000.00",9/25/2017
1577,"1,539.81","1,540.38","1,534.61","1,536.92",-2.89,-0.19,"271,105,984.00",9/24/2017
1578,"1,543.70","1,546.89","1,530.23","1,539.81",-3.89,-0.25,"414,631,008.00",9/20/2017
1579,"1,547.94","1,556.34","1,541.31","1,543.70",-4.24,-0.27,"450,840,992.00",9/18/2017
1580,"1,530.31","1,549.11","1,528.94","1,547.94",17.63,1.15,"576,883,008.00",9/17/2017
1581,"1,493.20","1,530.31","1,489.40","1,530.31",37.11,2.49,"591,177,984.00",9/14/2017
1582,"1,502.20","1,509.24","1,483.96","1,493.20",-9,-0.6,"591,177,984.00",9/13/2017
1583,"1,523.26","1,523.26","1,499.55","1,502.20",-21.06,-1.38,"540,275,008.00",9/12/2017
1584,"1,519.66","1,530.23","1,510.23","1,523.26",3.6,0.24,"727,353,984.00",9/11/2017
1585,"1,554.55","1,556.77","1,519.12","1,519.66",-34.89,-2.24,"877,347,968.00",9/10/2017
1586,"1,566.50","1,571.01","1,553.99","1,554.55",-11.95,-0.76,"653,435,008.00",9/7/2017
1587,"1,554.56","1,580.40","1,554.56","1,566.50",11.94,0.77,"702,812,032.00",9/6/2017
1588,"1,580.03","1,580.86","1,553.87","1,554.56",-25.47,-1.61,"809,582,016.00",9/4/2017
1589,"1,598.36","1,599.03","1,577.68","1,580.03",-18.33,-1.15,"789,476,992.00",8/31/2017
1590,"1,612.91","1,614.75","1,595.92","1,598.36",-14.55,-0.9,"848,014,976.00",8/30/2017
1591,"1,622.32","1,627.35","1,611.91","1,612.91",-9.41,-0.58,"870,353,984.00",8/28/2017
1592,"1,617.81","1,627.98","1,617.86","1,622.32",4.51,0.28,"718,817,984.00",8/27/2017
1593,"1,611.27","1,618.03","1,608.96","1,617.81",6.54,0.41,"555,446,976.00",8/24/2017
1594,"1,614.05","1,617.58","1,609.89","1,611.27",-2.78,-0.17,"574,001,024.00",8/23/2017
1595,"1,611.57","1,622.68","1,607.18","1,614.05",2.48,0.15,"662,060,032.00",8/22/2017
1596,"1,617.97","1,619.32","1,609.41","1,611.57",-6.4,-0.4,"474,737,984.00",8/21/2017
1597,"1,629.75","1,633.72","1,617.06","1,617.97",-11.78,-0.72,"705,353,984.00",8/20/2017
1598,"1,632.66","1,633.90","1,624.05","1,629.75",-2.91,-0.18,"629,568,000.00",8/17/2017
1599,"1,629.16","1,644.52","1,625.01","1,632.66",3.5,0.21,"631,038,976.00",8/16/2017
1600,"1,642.13","1,644.74","1,628.04","1,629.16",-12.97,-0.79,"701,028,992.00",8/15/2017
1601,"1,653.53","1,661.18","1,640.84","1,642.13",-11.4,-0.69,"743,803,008.00",8/13/2017
1602,"1,661.72","1,664.11","1,650.20","1,653.53",-8.19,-0.49,"869,953,984.00",8/10/2017
1603,"1,667.94","1,675.31","1,661.25","1,661.72",-6.22,-0.37,"824,171,008.00",8/9/2017
1604,"1,665.05","1,671.46","1,663.26","1,667.94",2.89,0.17,"868,548,992.00",8/7/2017
1605,"1,660.58","1,670.01","1,659.99","1,665.05",4.47,0.27,"962,364,992.00",8/6/2017
1606,"1,662.74","1,669.00","1,658.88","1,660.58",-2.16,-0.13,"1,081,469,952.00",8/3/2017
1607,"1,660.25","1,668.55","1,659.19","1,662.74",2.49,0.15,"1,019,910,016.00",8/2/2017
1608,"1,652.69","1,661.73","1,652.36","1,660.25",7.56,0.46,"1,013,820,032.00",8/1/2017
1609,"1,643.28","1,657.01","1,643.28","1,652.69",9.41,0.57,"978,681,024.00",7/31/2017
1610,"1,646.53","1,649.93","1,635.42","1,643.28",-3.25,-0.2,"932,892,992.00",7/30/2017
1611,"1,645.03","1,653.20","1,637.67","1,646.53",1.5,0.09,"1,120,790,016.00",7/27/2017
1612,"1,636.19","1,649.53","1,636.19","1,645.03",8.84,0.54,"1,109,970,048.00",7/26/2017
1613,"1,629.08","1,645.57","1,627.76","1,636.19",7.11,0.44,"808,281,984.00",7/25/2017
1614,"1,635.56","1,636.01","1,625.09","1,629.08",-6.48,-0.4,"1,008,200,000.00",7/24/2017
1615,"1,635.75","1,640.30","1,633.82","1,635.56",-0.19,-0.01,"1,021,249,984.00",7/23/2017
1616,"1,637.27","1,640.34","1,633.60","1,635.75",-1.52,-0.09,"907,945,984.00",7/20/2017
1617,"1,638.41","1,652.73","1,634.97","1,637.27",-1.14,-0.07,"1,107,469,952.00",7/19/2017
1618,"1,604.15","1,638.41","1,603.76","1,638.41",34.26,2.14,"1,102,710,016.00",7/18/2017
1619,"1,583.57","1,604.31","1,582.48","1,604.15",20.58,1.3,"599,289,984.00",7/17/2017
1620,"1,582.67","1,584.38","1,580.08","1,583.57",0.9,0.06,"430,724,000.00",7/16/2017
1621,"1,587.56","1,589.16","1,578.94","1,582.67",-4.89,-0.31,"716,166,976.00",7/13/2017
1622,"1,585.01","1,590.61","1,582.06","1,587.56",2.55,0.16,"561,254,016.00",7/12/2017
1623,"1,575.22","1,586.35","1,571.75","1,585.01",9.79,0.62,"544,070,976.00",7/11/2017
1624,"1,584.15","1,584.34","1,572.00","1,575.22",-8.93,-0.56,"642,406,976.00",7/10/2017
1625,"1,582.11","1,605.39","1,561.79","1,584.15",2.04,0.13,"1,042,430,016.00",7/9/2017
1626,"1,551.06","1,582.52","1,550.77","1,582.11",31.05,2,"712,723,008.00",7/6/2017
1627,"1,541.28","1,551.07","1,537.99","1,551.06",9.78,0.63,"455,596,992.00",7/5/2017
1628,"1,544.29","1,546.13","1,540.62","1,541.28",-3.01,-0.19,"354,695,008.00",7/4/2017
1629,"1,541.82","1,551.98","1,541.06","1,544.29",2.47,0.16,"402,097,984.00",7/3/2017
1630,"1,563.81","1,563.93","1,539.75","1,541.82",-21.99,-1.41,"520,582,016.00",7/2/2017
1631,"1,565.09","1,566.35","1,559.61","1,563.81",-1.28,-0.08,"450,164,992.00",6/28/2017
1632,"1,567.72","1,571.72","1,563.04","1,565.09",-2.63,-0.17,"578,462,976.00",6/27/2017
1633,"1,559.49","1,569.94","1,559.30","1,567.72",8.23,0.53,"582,424,000.00",6/25/2017
1634,"1,554.69","1,565.56","1,554.43","1,559.49",4.8,0.31,"494,652,000.00",6/22/2017
1635,"1,551.07","1,559.07","1,548.04","1,554.69",3.62,0.23,"425,968,000.00",6/21/2017
1636,"1,555.16","1,560.35","1,542.06","1,551.07",-4.09,-0.26,"552,184,000.00",6/20/2017
1637,"1,575.98","1,576.82","1,554.09","1,555.16",-20.82,-1.32,"614,467,968.00",6/19/2017
1638,"1,589.59","1,591.90","1,574.73","1,575.98",-13.61,-0.86,"533,216,000.00",6/18/2017
1639,"1,584.49","1,605.01","1,578.66","1,589.59",5.1,0.32,"612,854,976.00",6/15/2017
1640,"1,585.15","1,586.92","1,581.41","1,584.49",-0.66,-0.04,"530,158,016.00",6/14/2017
1641,"1,580.52","1,592.02","1,576.46","1,585.15",4.63,0.29,"468,572,000.00",6/13/2017
1642,"1,590.49","1,593.39","1,577.75","1,580.52",-9.97,-0.63,"482,025,984.00",6/12/2017
1643,"1,615.19","1,618.98","1,589.71","1,590.49",-24.7,-1.53,"646,574,976.00",6/11/2017
1644,"1,623.13","1,623.50","1,610.02","1,615.19",-7.94,-0.49,"474,460,992.00",6/8/2017
1645,"1,637.37","1,651.29","1,622.27","1,623.13",-14.24,-0.87,"752,364,032.00",6/7/2017
1646,"1,602.65","1,637.39","1,602.65","1,637.37",34.72,2.17,"896,185,024.00",6/6/2017
1647,"1,593.81","1,610.30","1,593.90","1,602.65",8.84,0.55,"546,643,008.00",6/5/2017
1648,"1,604.31","1,606.13","1,590.67","1,593.81",-10.5,-0.65,"527,332,000.00",6/4/2017
1649,"1,608.11","1,614.85","1,604.20","1,604.31",-3.8,-0.24,"562,675,968.00",6/1/2017
1650,"1,594.43","1,612.80","1,582.72","1,608.11",13.68,0.86,"649,315,968.00",5/31/2017
1651,"1,615.58","1,616.07","1,592.40","1,594.43",-21.15,-1.31,"732,868,992.00",5/30/2017
1652,"1,629.58","1,629.90","1,611.22","1,615.58",-14,-0.86,"723,315,968.00",5/28/2017
1653,"1,626.51","1,632.11","1,615.18","1,629.58",3.07,0.19,"629,254,976.00",5/24/2017
1654,"1,616.40","1,636.14","1,611.61","1,626.51",10.11,0.63,"754,849,024.00",5/23/2017
1655,"1,627.24","1,629.38","1,612.07","1,616.40",-10.84,-0.67,"513,321,984.00",5/22/2017
1656,"1,643.87","1,648.35","1,625.49","1,627.24",-16.63,-1.01,"641,156,992.00",5/21/2017
1657,"1,644.26","1,646.04","1,635.65","1,643.87",-0.39,-0.02,"757,734,976.00",5/18/2017
1658,"1,649.24","1,655.09","1,644.25","1,644.26",-4.98,-0.3,"574,614,976.00",5/17/2017
1659,"1,659.23","1,660.52","1,647.63","1,649.24",-9.99,-0.6,"447,912,000.00",5/16/2017
1660,"1,658.58","1,675.57","1,658.16","1,659.23",0.65,0.04,"596,112,000.00",5/15/2017
1661,"1,650.81","1,659.05","1,650.72","1,658.58",7.77,0.47,"840,556,032.00",5/11/2017
1662,"1,637.30","1,651.09","1,637.21","1,650.81",13.51,0.83,"597,118,976.00",5/9/2017
1663,"1,628.98","1,647.21","1,627.02","1,637.30",8.32,0.51,"560,332,032.00",5/8/2017
1664,"1,653.18","1,655.72","1,625.76","1,628.98",-24.2,-1.46,"668,144,000.00",5/7/2017
1665,"1,662.38","1,668.30","1,652.21","1,653.18",-9.2,-0.55,"752,230,976.00",5/4/2017
1666,"1,658.33","1,679.82","1,658.88","1,662.38",4.05,0.24,"864,366,976.00",5/3/2017
1667,"1,650.78","1,667.97","1,642.37","1,658.33",7.55,0.46,"874,723,968.00",5/2/2017
1668,"1,670.62","1,670.69","1,648.11","1,650.78",-19.84,-1.19,"747,966,016.00",4/30/2017
1669,"1,670.30","1,679.31","1,656.68","1,670.62",0.32,0.02,"1,063,420,032.00",4/27/2017
1670,"1,672.38","1,677.90","1,666.09","1,670.30",-2.08,-0.12,"856,094,976.00",4/26/2017
1671,"1,675.78","1,682.91","1,668.71","1,672.38",-3.4,-0.2,"1,036,600,000.00",4/25/2017
1672,"1,693.72","1,696.85","1,673.08","1,675.78",-17.94,-1.06,"941,086,976.00",4/24/2017
1673,"1,658.34","1,724.54","1,659.46","1,693.72",35.38,2.13,"1,515,859,968.00",4/23/2017
1674,"1,662.02","1,684.33","1,653.62","1,658.34",-3.68,-0.22,"1,299,580,032.00",4/20/2017
1675,"1,612.04","1,662.02","1,609.80","1,662.02",49.98,3.1,"1,037,200,000.00",4/19/2017
1676,"1,651.61","1,651.74","1,603.59","1,612.04",-39.57,-2.4,"1,458,509,952.00",4/18/2017
1677,"1,697.13","1,704.02","1,651.10","1,651.61",-45.52,-2.68,"1,163,069,952.00",4/16/2017
1678,"1,703.07","1,709.08","1,679.68","1,697.13",-5.94,-0.35,"1,391,820,032.00",4/13/2017
1679,"1,709.82","1,737.91","1,702.70","1,703.07",-6.75,-0.4,"1,986,259,968.00",4/12/2017
1680,"1,676.22","1,710.74","1,676.25","1,709.82",33.6,2,"1,860,470,016.00",4/11/2017
1681,"1,651.60","1,677.18","1,651.28","1,676.22",24.62,1.49,"1,542,029,952.00",4/10/2017
1682,"1,651.04","1,665.55","1,644.31","1,651.60",0.56,0.03,"1,194,230,016.00",4/9/2017
1683,"1,657.02","1,666.91","1,642.91","1,651.04",-5.98,-0.36,"1,351,320,064.00",4/6/2017
1684,"1,660.52","1,675.95","1,635.22","1,657.02",-3.5,-0.21,"1,566,310,016.00",4/4/2017
1685,"1,667.11","1,746.82","1,648.21","1,660.52",-6.59,-0.4,"2,442,589,952.00",4/3/2017
1686,"1,587.64","1,667.11","1,587.64","1,667.11",79.47,5.01,"903,900,032.00",4/2/2017
1687,"1,588.29","1,600.57","1,569.43","1,587.64",-0.65,-0.04,"1,447,270,016.00",3/30/2017
1688,"1,610.62","1,644.77","1,587.21","1,588.29",-22.33,-1.39,"2,043,980,032.00",3/29/2017
1689,"1,533.83","1,610.67","1,533.83","1,610.62",76.79,5.01,"1,339,960,064.00",3/28/2017
1690,"1,486.04","1,546.48","1,486.04","1,533.83",47.79,3.22,"1,511,490,048.00",3/26/2017
1691,"1,481.08","1,495.58","1,469.57","1,486.04",4.96,0.33,"961,484,032.00",3/23/2017
1692,"1,462.23","1,513.19","1,462.23","1,481.08",18.85,1.29,"1,306,419,968.00",3/22/2017
1693,"1,424.38","1,463.09","1,412.97","1,462.23",37.85,2.66,"1,313,200,000.00",3/21/2017
1694,"1,382.19","1,424.78","1,381.87","1,424.38",42.19,3.05,"1,205,650,048.00",3/20/2017
1695,"1,357.34","1,382.30","1,357.08","1,382.19",24.85,1.83,"640,144,000.00",3/19/2017
1696,"1,356.13","1,359.65","1,354.75","1,357.34",1.21,0.09,"417,496,000.00",3/16/2017
1697,"1,347.09","1,358.24","1,340.30","1,356.13",9.04,0.67,"287,448,992.00",3/15/2017
1698,"1,355.23","1,360.37","1,346.70","1,347.09",-8.14,-0.6,"309,343,008.00",3/14/2017
1699,"1,347.53","1,359.49","1,347.56","1,355.23",7.7,0.57,"335,582,016.00",3/13/2017
1700,"1,341.56","1,353.45","1,341.48","1,347.53",5.97,0.44,"452,680,992.00",3/9/2017
1701,"1,358.41","1,358.48","1,339.27","1,341.56",-16.85,-1.24,"402,360,992.00",3/7/2017
1702,"1,354.34","1,371.53","1,353.47","1,358.41",4.07,0.3,"732,656,000.00",3/6/2017
1703,"1,329.41","1,358.27","1,328.00","1,354.34",24.93,1.88,"558,435,968.00",3/5/2017
1704,"1,316.80","1,329.41","1,316.80","1,329.41",12.61,0.96,"400,524,992.00",3/2/2017
1705,"1,299.29","1,316.96","1,299.10","1,316.80",17.51,1.35,"314,716,000.00",3/1/2017
1706,"1,313.01","1,313.01","1,294.19","1,299.29",-13.72,-1.04,"528,111,008.00",2/28/2017
1707,"1,337.46","1,338.49","1,313.01","1,313.01",-24.45,-1.83,"245,987,008.00",2/26/2017
1708,"1,344.11","1,344.07","1,335.68","1,337.46",-6.65,-0.49,"269,056,000.00",2/23/2017
1709,"1,357.57","1,358.91","1,338.45","1,344.11",-13.46,-0.99,"319,015,008.00",2/22/2017
1710,"1,365.11","1,385.90","1,346.59","1,357.57",-7.54,-0.55,"577,590,016.00",2/21/2017
1711,"1,369.35","1,394.06","1,361.05","1,365.11",-4.24,-0.31,"798,889,024.00",2/20/2017
1712,"1,343.85","1,369.41","1,326.71","1,369.35",25.5,1.9,"628,798,016.00",2/19/2017
1713,"1,316.80","1,345.33","1,314.08","1,343.85",27.05,2.05,"621,523,968.00",2/16/2017
1714,"1,274.97","1,316.81","1,275.06","1,316.80",41.83,3.28,"520,287,008.00",2/15/2017
1715,"1,278.98","1,284.04","1,260.84","1,274.97",-4.01,-0.31,"390,963,008.00",2/14/2017
1716,"1,252.50","1,278.98","1,218.86","1,278.98",26.48,2.11,"462,281,984.00",2/13/2017
1717,"1,296.23","1,297.30","1,252.42","1,252.50",-43.73,-3.37,"451,153,984.00",2/12/2017
1718,"1,322.98","1,323.32","1,296.20","1,296.23",-26.75,-2.02,"411,400,992.00",2/9/2017
1719,"1,344.60","1,346.26","1,321.23","1,322.98",-21.62,-1.61,"324,199,008.00",2/8/2017
1720,"1,348.84","1,350.96","1,338.06","1,344.60",-4.24,-0.31,"297,356,992.00",2/7/2017
1721,"1,364.50","1,364.86","1,346.19","1,348.84",-15.66,-1.15,"222,291,008.00",2/6/2017
1722,"1,382.45","1,384.00","1,353.76","1,364.50",-17.95,-1.3,"255,400,992.00",2/5/2017
1723,"1,389.83","1,416.93","1,377.19","1,382.45",-7.38,-0.53,"516,676,000.00",2/2/2017
1724,"1,326.60","1,390.56","1,326.60","1,389.83",63.23,4.77,"564,668,032.00",2/1/2017
1725,"1,309.70","1,335.23","1,292.98","1,326.60",16.9,1.29,"469,633,984.00",1/31/2017
1726,"1,375.14","1,375.93","1,307.62","1,309.70",-65.44,-4.76,"512,318,016.00",1/30/2017
1727,"1,396.61","1,396.61","1,357.31","1,375.14",-21.47,-1.54,"490,808,000.00",1/26/2017
1728,"1,432.99","1,433.63","1,395.91","1,396.61",-36.38,-2.54,"398,868,000.00",1/25/2017
1729,"1,457.88","1,460.37","1,432.99","1,432.99",-24.89,-1.71,"317,612,992.00",1/24/2017
1730,"1,465.84","1,467.01","1,457.85","1,457.88",-7.96,-0.54,"298,895,008.00",1/23/2017
1731,"1,462.56","1,468.72","1,462.41","1,465.84",3.28,0.22,"231,915,008.00",1/22/2017
1732,"1,462.23","1,468.86","1,461.42","1,462.56",0.33,0.02,"297,208,992.00",1/19/2017
1733,"1,463.04","1,463.66","1,456.95","1,462.23",-0.81,-0.05,"291,684,992.00",1/18/2017
1734,"1,466.09","1,467.38","1,454.99","1,463.04",-3.05,-0.21,"333,654,016.00",1/17/2017
1735,"1,477.72","1,480.07","1,465.53","1,466.09",-11.63,-0.79,"260,408,992.00",1/16/2017
1736,"1,479.86","1,484.43","1,476.25","1,477.72",-2.14,-0.14,"267,938,000.00",1/15/2017
1737,"1,476.51","1,481.77","1,476.26","1,479.86",3.35,0.23,"257,332,992.00",1/12/2017
1738,"1,476.90","1,484.57","1,473.71","1,476.51",-0.39,-0.03,"290,327,008.00",1/11/2017
1739,"1,458.97","1,477.81","1,460.60","1,476.90",17.93,1.23,"356,823,008.00",1/10/2017
1740,"1,447.45","1,461.23","1,447.50","1,458.97",11.52,0.8,"261,236,992.00",1/9/2017
1741,"1,454.14","1,453.89","1,445.66","1,447.45",-6.69,-0.46,"385,014,016.00",1/8/2017
1742,"1,457.82","1,465.72","1,451.36","1,454.14",-3.68,-0.25,"326,768,000.00",1/5/2017
1743,"1,456.82","1,462.83","1,442.51","1,457.82",1,0.07,"320,670,016.00",1/4/2017
1744,"1,482.85","1,484.26","1,456.69","1,456.82",-26.03,-1.76,"385,836,992.00",1/3/2017
1745,"1,465.72","1,484.89","1,465.72","1,482.85",17.13,1.17,"494,264,992.00",1/2/2017
1746,"1,443.38","1,476.82","1,443.80","1,465.72",22.34,1.55,"561,280,000.00",1/1/2017
1747,"1,413.15","1,454.64","1,412.90","1,443.38",30.23,2.14,"560,499,008.00",12/29/2016
1748,"1,407.53","1,422.89","1,402.81","1,413.15",5.62,0.4,"433,379,008.00",12/28/2016
1749,"1,432.57","1,433.60","1,394.18","1,407.53",-25.04,-1.75,"546,097,024.00",12/27/2016
1750,"1,475.41","1,476.50","1,432.57","1,432.57",-42.84,-2.9,"458,576,992.00",12/26/2016
1751,"1,470.63","1,480.19","1,466.75","1,475.41",4.78,0.33,"444,880,992.00",12/22/2016
1752,"1,495.99","1,496.23","1,469.55","1,470.63",-25.36,-1.7,"475,655,008.00",12/21/2016
1753,"1,514.88","1,515.08","1,494.76","1,495.99",-18.89,-1.25,"668,400,000.00",12/20/2016
1754,"1,531.35","1,532.00","1,512.79","1,514.88",-16.47,-1.08,"537,187,008.00",12/19/2016
1755,"1,530.06","1,531.43","1,518.74","1,531.35",1.29,0.08,"566,508,992.00",12/18/2016
1756,"1,516.08","1,531.32","1,514.17","1,530.06",13.98,0.92,"479,159,008.00",12/15/2016
1757,"1,509.43","1,518.07","1,502.10","1,516.08",6.65,0.44,"466,484,992.00",12/14/2016
1758,"1,522.80","1,523.98","1,495.91","1,509.43",-13.37,-0.88,"519,555,008.00",12/12/2016
1759,"1,544.68","1,546.21","1,522.64","1,522.80",-21.88,-1.42,"388,068,000.00",12/11/2016
1760,"1,553.90","1,554.24","1,541.52","1,544.68",-9.22,-0.59,"584,075,008.00",12/8/2016
1761,"1,554.51","1,557.42","1,548.01","1,553.90",-0.61,-0.04,"488,444,000.00",12/7/2016
1762,"1,544.60","1,559.54","1,536.78","1,554.51",9.91,0.64,"711,153,984.00",12/6/2016
1763,"1,570.95","1,573.97","1,541.21","1,544.60",-26.35,-1.68,"639,254,976.00",12/5/2016
1764,"1,600.49","1,600.63","1,569.47","1,570.95",-29.54,-1.85,"702,654,016.00",12/4/2016
1765,"1,608.33","1,624.79","1,586.47","1,600.49",-7.84,-0.49,"1,186,850,048.00",12/1/2016
1766,"1,553.68","1,608.37","1,553.42","1,608.33",54.65,3.52,"1,348,320,000.00",11/30/2016
1767,"1,510.16","1,554.59","1,468.28","1,553.68",43.52,2.88,"1,173,600,000.00",11/29/2016
1768,"1,469.48","1,512.19","1,404.20","1,510.16",40.68,2.77,"1,088,150,016.00",11/28/2016
1769,"1,534.03","1,536.53","1,468.99","1,469.48",-64.55,-4.21,"891,988,992.00",11/27/2016
1770,"1,540.01","1,572.72","1,516.74","1,534.03",-5.98,-0.39,"913,265,984.00",11/24/2016
1771,"1,582.47","1,583.00","1,539.04","1,540.01",-42.46,-2.68,"1,037,779,968.00",11/23/2016
1772,"1,606.29","1,606.19","1,574.81","1,582.47",-23.82,-1.48,"813,587,008.00",11/22/2016
1773,"1,599.62","1,618.95","1,572.17","1,606.29",6.67,0.42,"893,379,008.00",11/21/2016
1774,"1,658.08","1,658.51","1,577.71","1,599.62",-58.46,-3.53,"1,225,080,064.00",11/20/2016
1775,"1,698.90","1,700.95","1,657.37","1,658.08",-40.82,-2.4,"1,448,920,064.00",11/17/2016
1776,"1,701.91","1,709.61","1,695.94","1,698.90",-3.01,-0.18,"1,170,429,952.00",11/16/2016
1777,"1,706.28","1,714.60","1,699.88","1,701.91",-4.37,-0.26,"802,971,008.00",11/15/2016
1778,"1,700.00","1,708.84","1,700.77","1,706.28",6.28,0.37,"770,372,992.00",11/14/2016
1779,"1,697.17","1,708.18","1,690.79","1,700.00",2.83,0.17,"718,371,968.00",11/13/2016
1780,"1,696.86","1,711.91","1,689.20","1,697.17",0.31,0.02,"702,545,984.00",11/10/2016
1781,"1,724.49","1,724.64","1,692.46","1,696.86",-27.63,-1.6,"670,987,008.00",11/9/2016
1782,"1,749.12","1,749.51","1,722.51","1,724.49",-24.63,-1.41,"729,078,976.00",11/8/2016
1783,"1,762.21","1,764.26","1,748.93","1,749.12",-13.09,-0.74,"669,728,000.00",11/7/2016
1784,"1,759.71","1,762.92","1,753.22","1,762.21",2.5,0.14,"513,843,008.00",11/3/2016
1785,"1,753.46","1,763.25","1,752.62","1,759.71",6.25,0.36,"670,206,976.00",10/27/2016
1786,"1,751.00","1,755.74","1,736.71","1,753.46",2.46,0.14,"771,998,976.00",10/26/2016
1787,"1,768.89","1,769.17","1,749.14","1,751.00",-17.89,-1.01,"702,017,024.00",10/25/2016
1788,"1,782.39","1,783.83","1,763.77","1,768.89",-13.5,-0.76,"917,342,976.00",10/24/2016
1789,"1,794.47","1,798.33","1,780.83","1,782.39",-12.08,-0.67,"954,121,984.00",10/23/2016
1790,"1,787.89","1,795.24","1,787.70","1,794.47",6.58,0.37,"686,382,976.00",10/20/2016
1791,"1,792.73","1,794.14","1,784.79","1,787.89",-4.84,-0.27,"527,768,992.00",10/19/2016
1792,"1,793.36","1,794.67","1,782.57","1,792.73",-0.63,-0.04,"500,712,000.00",10/18/2016
1793,"1,803.74","1,805.42","1,784.19","1,793.36",-10.38,-0.58,"626,633,024.00",10/17/2016
1794,"1,806.60","1,820.96","1,801.41","1,803.74",-16.14,-0.89,"593,185,984.00",10/16/2016
1795,"1,806.60","1,822.41","1,806.39","1,819.88",13.28,0.74,"991,689,984.00",10/6/2016
1796,"1,798.50","1,806.70","1,794.58","1,806.60",8.1,0.45,"918,851,008.00",10/5/2016
1797,"1,780.41","1,800.50","1,780.41","1,798.50",18.1,1.02,"1,087,990,016.00",10/4/2016
1798,"1,763.90","1,784.05","1,763.67","1,780.40",16.62,0.94,"761,833,984.00",10/3/2016
1799,"1,753.48","1,764.86","1,753.21","1,763.78",10.4,0.59,"853,209,984.00",10/2/2016
1800,"1,749.19","1,758.16","1,744.10","1,753.38",4.28,0.24,"768,590,976.00",9/29/2016
1801,"1,753.81","1,756.59","1,746.69","1,749.10",-4.62,-0.26,"710,563,008.00",9/28/2016
1802,"1,757.10","1,767.34","1,750.30","1,753.72",-3.38,-0.19,"700,600,000.00",9/27/2016
1803,"1,730.67","1,758.22","1,730.67","1,757.10",26.46,1.53,"1,011,699,968.00",9/26/2016
1804,"1,766.91","1,767.82","1,725.05","1,730.64",-36.27,-2.05,"1,046,030,016.00",9/25/2016
1805,"1,786.50","1,780.56","1,766.25","1,766.91",-12.22,-0.69,"880,014,016.00",9/22/2016
1806,"1,786.50","1,788.34","1,765.09","1,779.13",-7.37,-0.41,"899,432,000.00",9/21/2016
1807,"1,804.48","1,807.62","1,785.00","1,786.50",-17.98,-1,"1,259,800,064.00",9/20/2016
1808,"1,815.17","1,818.70","1,801.02","1,804.48",-10.69,-0.59,"2,397,339,904.00",9/18/2016
1809,"1,818.69","1,821.90","1,813.27","1,815.17",-3.52,-0.19,"1,331,490,048.00",9/14/2016
1810,"1,816.81","1,819.95","1,809.31","1,818.69",1.88,0.1,"1,076,189,952.00",9/12/2016
1811,"1,823.05","1,829.20","1,815.61","1,816.81",-6.24,-0.34,"1,093,270,016.00",9/11/2016
1812,"1,824.83","1,829.27","1,816.90","1,823.05",-1.78,-0.1,"1,383,559,936.00",9/8/2016
1813,"1,834.80","1,838.83","1,818.64","1,824.83",-9.97,-0.54,"1,533,389,952.00",9/7/2016
1814,"1,838.90","1,854.69","1,818.36","1,834.80",-4.1,-0.22,"1,760,120,064.00",9/6/2016
1815,"1,819.83","1,840.78","1,819.50","1,838.90",19.07,1.05,"1,791,680,000.00",9/5/2016
1816,"1,805.18","1,821.71","1,804.33","1,819.83",14.65,0.81,"1,607,699,968.00",9/4/2016
1817,"1,797.45","1,806.13","1,797.49","1,805.18",7.73,0.43,"1,293,500,032.00",9/1/2016
1818,"1,788.08","1,799.39","1,781.43","1,797.45",9.37,0.52,"1,154,460,032.00",8/31/2016
1819,"1,766.54","1,790.29","1,766.07","1,788.08",21.54,1.22,"1,400,060,032.00",8/30/2016
1820,"1,748.23","1,767.60","1,747.71","1,766.54",18.31,1.05,"1,410,509,952.00",8/29/2016
1821,"1,730.62","1,758.90","1,730.48","1,748.23",17.61,1.02,"1,310,380,032.00",8/28/2016
1822,"1,681.86","1,731.07","1,682.14","1,730.62",48.76,2.9,"949,550,976.00",8/24/2016
1823,"1,683.12","1,704.71","1,674.85","1,681.86",-1.26,-0.08,"810,753,024.00",8/23/2016
1824,"1,722.43","1,725.97","1,683.12","1,683.12",-39.31,-2.28,"788,593,984.00",8/22/2016
1825,"1,734.93","1,744.84","1,719.78","1,722.43",-12.63,-0.73,"618,347,008.00",8/21/2016
1826,"1,717.45","1,742.16","1,716.47","1,735.06",17.61,1.03,"948,409,984.00",8/17/2016
1827,"1,694.81","1,718.00","1,681.67","1,717.45",22.64,1.34,"983,681,984.00",8/16/2016
1828,"1,733.93","1,735.51","1,685.26","1,694.81",-39.12,-2.26,"1,126,070,016.00",8/15/2016
1829,"1,774.87","1,775.03","1,730.95","1,733.93",-40.94,-2.31,"1,096,530,048.00",8/14/2016
1830,"1,779.57","1,789.05","1,768.02","1,774.87",-4.7,-0.26,"1,188,630,016.00",8/11/2016
1831,"1,760.74","1,789.49","1,741.03","1,779.57",19.15,1.09,"1,933,049,984.00",8/10/2016
1832,"1,675.91","1,760.42","1,675.92","1,760.42",84.51,5.04,"294,799,008.00",8/9/2016
1833,"1,764.72","1,766.14","1,675.91","1,675.91",-88.81,-5.03,"854,620,032.00",8/8/2016
1834,"1,768.60","1,805.75","1,759.24","1,764.72",-3.88,-0.22,"1,495,219,968.00",8/7/2016
1835,"1,813.72","1,814.04","1,768.68","1,768.60",-45.12,-2.49,"1,403,490,048.00",8/4/2016
1836,"1,826.47","1,831.70","1,795.89","1,813.72",-12.75,-0.7,"1,245,689,984.00",8/3/2016
1837,"1,845.41","1,846.91","1,824.66","1,826.47",-18.94,-1.03,"1,364,979,968.00",8/2/2016
1838,"1,863.05","1,866.89","1,831.61","1,845.41",-17.35,-0.93,"1,496,390,016.00",8/1/2016
1839,"1,877.93","1,878.02","1,861.13","1,862.76",-15.17,-0.81,"1,715,219,968.00",7/31/2016
1840,"1,881.45","1,888.01","1,863.32","1,877.93",-3.52,-0.19,"2,106,669,952.00",7/28/2016
1841,"1,866.50","1,888.36","1,866.26","1,881.45",14.95,0.8,"2,178,769,920.00",7/27/2016
1842,"1,838.49","1,869.08","1,837.97","1,866.50",28.01,1.52,"2,177,649,920.00",7/26/2016
1843,"1,798.83","1,838.59","1,798.83","1,838.49",39.66,2.2,"2,158,749,952.00",7/25/2016
1844,"1,786.84","1,804.75","1,779.71","1,798.83",11.99,0.67,"1,429,859,968.00",7/21/2016
1845,"1,800.47","1,813.44","1,782.57","1,786.84",-13.63,-0.76,"2,057,750,016.00",7/20/2016
1846,"1,786.57","1,813.42","1,785.33","1,800.47",13.9,0.78,"2,101,240,064.00",7/19/2016
1847,"1,745.74","1,786.68","1,745.74","1,786.57",40.83,2.34,"1,839,369,984.00",7/18/2016
1848,"1,720.52","1,749.96","1,715.12","1,745.74",27.59,1.61,"1,285,520,000.00",7/17/2016
1849,"1,690.43","1,725.01","1,689.52","1,718.15",27.72,1.64,"1,356,649,984.00",7/14/2016
1850,"1,693.07","1,696.57","1,671.05","1,690.43",-2.64,-0.16,"1,018,860,032.00",7/13/2016
1851,"1,702.27","1,709.48","1,654.02","1,693.07",-9.2,-0.54,"1,093,299,968.00",7/12/2016
1852,"1,722.53","1,727.37","1,701.94","1,702.27",-20.26,-1.18,"859,897,024.00",7/11/2016
1853,"1,715.77","1,732.22","1,715.77","1,722.53",6.81,0.4,"1,324,669,952.00",7/10/2016
1854,"1,713.03","1,723.34","1,712.94","1,715.72",2.69,0.16,"1,173,100,032.00",7/6/2016
1855,"1,716.83","1,717.95","1,705.06","1,713.03",-3.8,-0.22,"1,160,760,064.00",7/5/2016
1856,"1,723.23","1,724.02","1,714.84","1,716.83",-2.37,-0.14,"1,423,340,032.00",7/4/2016
1857,"1,723.23","1,725.47","1,709.34","1,719.20",-4.03,-0.23,"1,720,080,000.00",7/3/2016
1858,"1,724.59","1,734.21","1,707.66","1,723.23",-1.36,-0.08,"1,599,010,048.00",6/30/2016
1859,"1,724.19","1,732.68","1,721.24","1,724.59",0.4,0.02,"1,457,209,984.00",6/29/2016
1860,"1,712.84","1,733.28","1,711.68","1,724.19",11.35,0.66,"1,700,720,000.00",6/28/2016
1861,"1,685.17","1,721.77","1,693.68","1,721.77",36.6,2.17,"1,508,530,048.00",6/27/2016
1862,"1,666.29","1,688.48","1,665.27","1,685.17",18.88,1.13,"1,461,120,000.00",6/26/2016
1863,"1,648.17","1,670.71","1,648.17","1,666.29",18.78,1.14,"1,894,710,016.00",6/23/2016
1864,"1,628.81","1,651.86","1,628.84","1,647.51",18.7,1.15,"1,751,960,064.00",6/22/2016
1865,"1,615.22","1,628.92","1,615.22","1,628.81",13.71,0.85,"1,196,109,952.00",6/21/2016
1866,"1,632.94","1,625.76","1,609.38","1,615.10",-7.17,-0.44,"1,115,449,984.00",6/20/2016
1867,"1,632.94","1,637.27","1,617.51","1,622.27",-10.67,-0.65,"1,463,939,968.00",6/19/2016
1868,"1,632.94","1,632.94","1,632.94","1,632.94",12.47,0.77,"1,997,389,952.00",6/16/2016
1869,"1,620.47","1,620.47","1,620.47","1,620.47",6.32,0.39,"1,369,689,984.00",6/15/2016
1870,"1,614.15","1,614.15","1,614.15","1,614.15",4.56,0.28,"1,676,819,968.00",6/14/2016
1871,"1,597.96","1,626.03","1,595.86","1,609.59",11.63,0.73,"1,671,020,032.00",6/13/2016
1872,"1,566.70","1,602.00","1,564.45","1,597.96",31.26,2,"1,919,480,064.00",6/12/2016
1873,"1,566.70","1,566.70","1,566.70","1,566.70",19.9,1.29,"1,867,000,064.00",6/9/2016
1874,"1,531.49","1,547.65","1,529.24","1,546.80",15.31,1,"1,269,299,968.00",6/8/2016
1875,"1,516.80","1,537.98","1,516.80","1,531.49",14.69,0.97,"1,123,600,000.00",6/7/2016
1876,"1,483.21","1,516.80","1,483.21","1,516.80",33.66,2.27,"1,078,499,968.00",6/6/2016
1877,"1,483.14","1,483.14","1,483.14","1,483.14",-34.98,-2.3,"1,246,659,968.00",6/5/2016
1878,"1,518.12","1,518.12","1,518.12","1,518.12",-5.44,-0.36,"1,009,539,968.00",6/2/2016
1879,"1,523.56","1,523.56","1,523.56","1,523.56",-8.56,-0.56,"1,196,009,984.00",6/1/2016
1880,"1,532.12","1,532.12","1,532.12","1,532.12",5.16,0.34,"1,298,520,064.00",5/31/2016
1881,"1,526.96","1,526.96","1,526.96","1,526.96",4.71,0.31,"1,148,169,984.00",5/30/2016
1882,"1,522.25","1,522.25","1,522.25","1,522.25",-2.84,-0.19,"1,152,870,016.00",5/29/2016
3,"1,525.09","1,525.09","1,525.09","1,525.09",0.97,0.06,0,5/26/2016
4,"1,524.12","1,524.12","1,524.12","1,524.12",-20.41,-1.32,0,5/25/2016
5,"1,544.53","1,544.53","1,544.53","1,544.53",20.46,1.34,0,5/24/2016
6,"1,524.07","1,524.07","1,524.07","1,524.07",14.68,0.97,0,5/23/2016
7,"1,509.39","1,509.39","1,509.39","1,509.39",10.07,0.67,0,5/22/2016
8,"1,499.32","1,499.32","1,499.32","1,499.32",2.91,0.19,0,5/19/2016
9,"1,496.41","1,496.41","1,496.41","1,496.41",12.73,0.86,0,5/18/2016
10,"1,483.68","1,483.68","1,483.68","1,483.68",16.17,1.1,0,5/17/2016
11,"1,467.51","1,467.51","1,467.51","1,467.51",-9.87,-0.67,0,5/16/2016
12,"1,477.38","1,477.38","1,477.38","1,477.38",-4.56,-0.31,0,5/15/2016
13,"1,481.94","1,481.94","1,481.94","1,481.94",0.76,0.05,0,5/12/2016
14,"1,481.18","1,481.18","1,481.18","1,481.18",-2.86,-0.19,0,5/11/2016
15,"1,484.04","1,484.04","1,484.04","1,484.04",1.14,0.08,0,5/10/2016
16,"1,482.90","1,482.90","1,482.90","1,482.90",10.21,0.69,0,5/9/2016
17,"1,472.69","1,472.69","1,472.69","1,472.69",9.56,0.65,0,5/8/2016
18,"1,463.13","1,463.13","1,463.13","1,463.13",-4.98,-0.34,0,5/5/2016
19,"1,468.11","1,468.11","1,468.11","1,468.11",-3.84,-0.26,0,5/4/2016
20,"1,471.95","1,471.95","1,471.95","1,471.95",-2.52,-0.17,0,5/3/2016
21,"1,474.47","1,474.47","1,474.47","1,474.47",9.56,0.65,0,5/2/2016
22,"1,464.91","1,464.91","1,464.91","1,464.91",6.53,0.45,0,4/28/2016
23,"1,458.38","1,458.38","1,458.38","1,458.38",5.27,0.36,0,4/27/2016
24,"1,453.11","1,453.11","1,453.11","1,453.11",-8.64,-0.59,0,4/26/2016
25,"1,461.75","1,461.75","1,461.75","1,461.75",7.4,0.51,0,4/25/2016
26,"1,454.35","1,454.35","1,454.35","1,454.35",12.68,0.88,0,4/24/2016
27,"1,441.67","1,441.67","1,441.67","1,441.67",0.98,0.07,0,4/21/2016
28,"1,440.69","1,440.69","1,440.69","1,440.69",9.88,0.69,0,4/20/2016
29,"1,430.81","1,430.81","1,430.81","1,430.81",2.21,0.15,0,4/19/2016
30,"1,428.60","1,428.60","1,428.60","1,428.60",19.17,1.36,0,4/18/2016
31,"1,409.43","1,409.43","1,409.43","1,409.43",3.65,0.26,0,4/17/2016
32,"1,405.78","1,405.78","1,405.78","1,405.78",17.15,1.24,0,4/14/2016
33,"1,388.63","1,388.63","1,388.63","1,388.63",4.78,0.35,0,4/12/2016
34,"1,383.85","1,383.85","1,383.85","1,383.85",1.43,0.1,0,4/11/2016
35,"1,382.42","1,382.42","1,382.42","1,382.42",5,0.36,0,4/10/2016
36,"1,377.42","1,377.42","1,377.42","1,377.42",2.16,0.16,0,4/6/2016
37,"1,375.26","1,375.26","1,375.26","1,375.26",12.73,0.93,0,4/5/2016
38,"1,362.53","1,362.53","1,362.53","1,362.53",10.99,0.81,0,4/4/2016
39,"1,351.54","1,351.54","1,351.54","1,351.54",-3.94,-0.29,0,4/3/2016
40,"1,355.48","1,355.48","1,355.48","1,355.48",-7.5,-0.55,0,3/31/2016
41,"1,362.98","1,362.98","1,362.98","1,362.98",-11.77,-0.86,0,3/30/2016
42,"1,370.04","1,370.04","1,370.04","1,370.04",-4.71,-0.34,0,3/29/2016
43,"1,374.75","1,374.75","1,374.75","1,374.75",-2.58,-0.19,0,3/28/2016
44,"1,377.33","1,377.33","1,377.33","1,377.33",20.19,1.49,0,3/27/2016
45,"1,357.14","1,357.14","1,357.14","1,357.14",11.61,0.86,0,3/24/2016
46,"1,345.53","1,345.53","1,345.53","1,345.53",3.46,0.26,0,3/23/2016
47,"1,342.07","1,342.07","1,342.07","1,342.07",-1.86,-0.14,0,3/21/2016
48,"1,343.93","1,343.93","1,343.93","1,343.93",17.4,1.31,0,3/20/2016
49,"1,326.53","1,326.53","1,326.53","1,326.53",10.76,0.82,0,3/17/2016
50,"1,315.77","1,315.77","1,315.77","1,315.77",2.92,0.22,0,3/16/2016
51,"1,312.85","1,312.85","1,312.85","1,312.85",0.65,0.05,0,3/15/2016
52,"1,312.20","1,312.20","1,312.20","1,312.20",-6.68,-0.51,0,3/14/2016
53,"1,318.88","1,318.88","1,318.88","1,318.88",0.85,0.06,0,3/13/2016
54,"1,318.03","1,318.03","1,318.03","1,318.03",11.49,0.88,0,3/10/2016
55,"1,306.54","1,306.54","1,306.54","1,306.54",5.78,0.44,0,3/6/2016
56,"1,300.76","1,300.76","1,300.76","1,300.76",4.98,0.38,0,3/3/2016
57,"1,295.78","1,295.78","1,295.78","1,295.78",6.26,0.49,0,3/2/2016
58,"1,289.52","1,289.52","1,289.52","1,289.52",5.58,0.43,0,3/1/2016
59,"1,283.94","1,283.94","1,283.94","1,283.94",0.27,0.02,0,2/29/2016
60,"1,283.67","1,283.67","1,283.67","1,283.67",0.15,0.01,0,2/28/2016
61,"1,283.52","1,283.52","1,283.52","1,283.52",3.62,0.28,0,2/25/2016
62,"1,279.90","1,279.90","1,279.90","1,279.90",-6.03,-0.47,0,2/24/2016
63,"1,285.93","1,285.93","1,285.93","1,285.93",-5.88,-0.46,0,2/23/2016
64,"1,291.81","1,291.81","1,291.81","1,291.81",12.89,1.01,0,2/22/2016
65,"1,278.92","1,278.92","1,278.92","1,278.92",5.64,0.44,0,2/21/2016
66,"1,273.28","1,273.28","1,273.28","1,273.28",7.2,0.57,0,2/18/2016
67,"1,266.08","1,266.08","1,266.08","1,266.08",8.74,0.7,0,2/17/2016
68,"1,257.34","1,257.34","1,257.34","1,257.34",-0.89,-0.07,0,2/16/2016
69,"1,258.23","1,258.23","1,258.23","1,258.23",-1.12,-0.09,0,2/15/2016
70,"1,259.35","1,259.35","1,259.35","1,259.35",-4.37,-0.35,0,2/14/2016
71,"1,263.72","1,263.72","1,263.72","1,263.72",-0.03,0,0,2/11/2016
72,"1,263.75","1,263.75","1,263.75","1,263.75",0.93,0.07,0,2/8/2016
73,"1,262.82","1,262.82","1,262.82","1,262.82",11.4,0.91,0,2/7/2016
74,"1,251.42","1,251.42","1,251.42","1,251.42",9.29,0.75,0,2/4/2016
75,"1,242.13","1,242.13","1,242.13","1,242.13",2.06,0.17,0,2/3/2016
76,"1,240.07","1,240.07","1,240.07","1,240.07",2.05,0.17,0,2/2/2016
77,"1,238.02","1,238.02","1,238.02","1,238.02",17.32,1.42,0,2/1/2016
78,"1,220.70","1,220.70","1,220.70","1,220.70",4.59,0.38,0,1/31/2016
79,"1,216.11","1,216.11","1,216.11","1,216.11",-0.85,-0.07,0,1/28/2016
80,"1,216.96","1,216.96","1,216.96","1,216.96",-1.43,-0.12,0,1/27/2016
81,"1,218.39","1,218.39","1,218.39","1,218.39",-4.04,-0.33,0,1/26/2016
82,"1,222.43","1,222.43","1,222.43","1,222.43",2.81,0.23,0,1/25/2016
83,"1,219.62","1,219.62","1,219.62","1,219.62",7.3,0.6,0,1/24/2016
84,"1,212.32","1,212.32","1,212.32","1,212.32",-1.25,-0.1,0,1/21/2016
85,"1,213.57","1,213.57","1,213.57","1,213.57",-0.14,-0.01,0,1/20/2016
86,"1,213.71","1,213.71","1,213.71","1,213.71",-0.6,-0.05,0,1/19/2016
87,"1,214.31","1,214.31","1,214.31","1,214.31",2.31,0.19,0,1/18/2016
88,"1,212.00","1,212.00","1,212.00","1,212.00",21.84,1.84,0,1/17/2016
89,"1,190.16","1,190.16","1,190.16","1,190.16",9.18,0.78,0,1/14/2016
90,"1,180.98","1,180.98","1,180.98","1,180.98",7.38,0.63,0,1/13/2016
91,"1,173.60","1,173.60","1,173.60","1,173.60",4.79,0.41,0,1/12/2016
92,"1,168.81","1,168.81","1,168.81","1,168.81",1.63,0.14,0,1/11/2016
93,"1,167.18","1,167.18","1,167.18","1,167.18",3.04,0.26,0,1/10/2016
94,"1,164.14","1,164.14","1,164.14","1,164.14",14.25,1.24,0,1/7/2016
95,"1,149.89","1,149.89","1,149.89","1,149.89",3.12,0.27,0,1/6/2016
96,"1,146.11","1,146.11","1,146.11","1,146.11",-7.85,-0.68,0,1/5/2016
97,"1,154.62","1,154.62","1,154.62","1,154.62",-6.22,-0.54,0,1/4/2016
98,"1,151.38","1,151.38","1,151.38","1,151.38",9.21,0.81,0,12/31/2015
99,"1,142.17","1,142.17","1,142.17","1,142.17",10.22,0.9,0,12/29/2015
100,"1,131.95","1,131.95","1,131.95","1,131.95",-3.52,-0.31,0,12/28/2015
101,"1,135.47","1,135.47","1,135.47","1,135.47",-1.56,-0.14,0,12/27/2015
102,"1,137.03","1,137.03","1,137.03","1,137.03",3.69,0.33,0,12/24/2015
103,"1,133.34","1,133.34","1,133.34","1,133.34",-4.84,-0.43,0,12/23/2015
104,"1,138.18","1,138.18","1,138.18","1,138.18",6.66,0.59,0,12/22/2015
105,"1,131.52","1,131.52","1,131.52","1,131.52",12.57,1.12,0,12/21/2015
106,"1,118.81","1,118.81","1,118.81","1,118.81",8.13,0.73,0,12/20/2015
107,"1,110.68","1,110.68","1,110.68","1,110.68",-5.51,-0.49,0,12/17/2015
108,"1,116.19","1,116.19","1,116.19","1,116.19",-4.83,-0.43,0,12/16/2015
109,"1,121.02","1,121.02","1,121.02","1,121.02",0.84,0.07,0,12/15/2015
110,"1,120.18","1,120.18","1,120.18","1,120.18",1.61,0.14,0,12/14/2015
111,"1,118.57","1,118.57","1,118.57","1,118.57",-0.78,-0.07,0,12/13/2015
112,"1,119.35","1,119.35","1,119.35","1,119.35",-3.44,-0.31,0,12/10/2015
113,"1,122.79","1,122.79","1,122.79","1,122.79",15.56,1.41,0,12/9/2015
114,"1,107.23","1,107.23","1,107.23","1,107.23",-0.71,-0.06,0,12/8/2015
115,"1,107.94","1,107.94","1,107.94","1,107.94",5.1,0.46,0,12/7/2015
116,"1,102.84","1,102.84","1,102.84","1,102.84",29.9,2.79,0,12/6/2015
117,"1,072.94","1,072.94","1,072.94","1,072.94",10.16,0.96,0,12/3/2015
118,"1,062.78","1,062.78","1,062.78","1,062.78",-3.6,-0.34,0,12/2/2015
119,"1,066.38","1,066.38","1,066.38","1,066.38",32.26,3.12,0,12/1/2015
120,"1,034.12","1,034.12","1,034.12","1,034.12",11.35,1.11,0,11/30/2015
121,"1,022.77","1,022.77","1,022.77","1,022.77",-21.24,-2.03,0,11/29/2015
122,"1,044.01","1,044.01","1,044.01","1,044.01",-12.41,-1.17,0,11/26/2015
123,"1,056.42","1,056.42","1,056.42","1,056.42",-10.27,-0.96,0,11/25/2015
124,"1,066.69","1,066.69","1,066.69","1,066.69",-9.11,-0.85,0,11/24/2015
125,"1,075.80","1,075.80","1,075.80","1,075.80",4.42,0.41,0,11/23/2015
126,"1,071.38","1,071.38","1,071.38","1,071.38",-23.19,-2.12,0,11/22/2015
127,"1,094.57","1,094.57","1,094.57","1,094.57",-4.68,-0.43,0,11/19/2015
128,"1,099.25","1,099.25","1,099.25","1,099.25",5.07,0.46,0,11/18/2015
129,"1,094.18","1,094.18","1,094.18","1,094.18",-5.91,-0.54,0,11/16/2015
130,"1,100.09","1,100.09","1,100.09","1,100.09",-9.2,-0.83,0,11/15/2015
131,"1,109.29","1,109.29","1,109.29","1,109.29",1.86,0.17,0,11/10/2015
132,"1,107.43","1,107.43","1,107.43","1,107.43",20.86,1.92,0,11/9/2015
133,"1,086.57","1,086.57","1,086.57","1,086.57",-4.11,-0.38,0,11/8/2015
134,"1,090.68","1,090.68","1,090.68","1,090.68",-1.62,-0.15,0,11/5/2015
135,"1,092.30","1,092.30","1,092.30","1,092.30",6.43,0.59,0,11/4/2015
136,"1,085.87","1,085.87","1,085.87","1,085.87",-5.96,-0.55,0,11/3/2015
137,"1,091.83","1,091.83","1,091.83","1,091.83",3.53,0.32,0,11/2/2015
138,"1,088.30","1,088.30","1,088.30","1,088.30",-3.74,-0.34,0,11/1/2015
139,"1,092.04","1,092.04","1,092.04","1,092.04",7.67,0.71,0,10/29/2015
140,"1,084.37","1,084.37","1,084.37","1,084.37",-7.36,-0.67,0,10/28/2015
141,"1,091.73","1,091.73","1,091.73","1,091.73",-29.32,-2.62,0,10/27/2015
142,"1,121.05","1,121.05","1,121.05","1,121.05",-6.37,-0.56,0,10/25/2015
143,"1,127.42","1,127.42","1,127.42","1,127.42",7.59,0.68,0,10/19/2015
144,"1,119.83","1,119.83","1,119.83","1,119.83",-14.64,-1.29,0,10/18/2015
145,"1,134.47","1,134.47","1,134.47","1,134.47",-0.62,-0.05,0,10/15/2015
146,"1,135.09","1,135.09","1,135.09","1,135.09",-8.79,-0.77,0,10/14/2015
147,"1,143.88","1,143.88","1,143.88","1,143.88",-18.18,-1.56,0,10/11/2015
148,"1,162.06","1,162.06","1,162.06","1,162.06",12.61,1.1,0,10/8/2015
149,"1,149.45","1,149.45","1,149.45","1,149.45",-9.34,-0.81,0,10/7/2015
150,"1,158.79","1,158.79","1,158.79","1,158.79",-12.48,-1.07,0,10/6/2015
151,"1,171.27","1,171.27","1,171.27","1,171.27",-12.21,-1.03,0,10/5/2015
152,"1,183.48","1,183.48","1,183.48","1,183.48",4.74,0.4,0,10/4/2015
153,"1,178.74","1,178.74","1,178.74","1,178.74",-2.54,-0.22,0,10/1/2015
154,"1,181.28","1,181.28","1,181.28","1,181.28",11.98,1.02,0,9/30/2015
155,"1,169.30","1,169.30","1,169.30","1,169.30",9.21,0.79,0,9/29/2015
156,"1,160.09","1,160.09","1,160.09","1,160.09",-16.77,-1.42,0,9/28/2015
157,"1,176.86","1,176.86","1,176.86","1,176.86",-6.5,-0.55,0,9/24/2015
158,"1,183.36","1,183.36","1,183.36","1,183.36",27.28,2.35,0,9/23/2015
159,"1,156.08","1,156.08","1,156.08","1,156.08",-39.94,-3.34,0,9/22/2015
160,"1,196.02","1,196.02","1,196.02","1,196.02",-6.79,-0.56,0,9/17/2015
161,"1,202.81","1,202.81","1,202.81","1,202.81",-3.03,-0.25,0,9/16/2015
162,"1,205.84","1,205.84","1,205.84","1,205.84",11.73,0.98,0,9/15/2015
163,"1,194.00","1,194.00","1,194.00","1,194.00",10.18,0.86,0,9/14/2015
164,"1,184.00","1,184.00","1,184.00","1,184.00",15.22,1.3,0,9/13/2015
165,"1,169.00","1,169.00","1,169.00","1,169.00",-4.45,-0.38,0,9/10/2015
166,"1,173.00","1,173.00","1,173.00","1,173.00",-1.53,-0.13,0,9/9/2015
167,"1,175.00","1,175.00","1,175.00","1,175.00",3.72,0.32,0,9/8/2015
168,"1,171.00","1,171.00","1,171.00","1,171.00",4.28,0.37,0,9/7/2015
169,"1,167.00","1,167.00","1,167.00","1,167.00",-2.71,-0.23,0,9/6/2015
170,"1,169.00","1,169.00","1,169.00","1,169.00",-6.86,-0.58,0,9/3/2015
171,"1,176.00","1,176.00","1,176.00","1,176.00",-15.08,-1.27,0,9/2/2015
172,"1,191.00","1,191.00","1,191.00","1,191.00",-8.81,-0.73,0,9/1/2015
173,"1,200.00","1,200.00","1,200.00","1,200.00",16.46,1.39,0,8/31/2015
174,"1,184.00","1,184.00","1,184.00","1,184.00",8.19,0.7,0,8/27/2015
175,"1,176.00","1,176.00","1,176.00","1,176.00",-5.84,-0.49,0,8/26/2015
176,"1,181.00","1,181.00","1,181.00","1,181.00",-0.34,-0.03,0,8/25/2015
177,"1,182.00","1,182.00","1,182.00","1,182.00",-2.92,-0.25,0,8/24/2015
178,"1,185.00","1,185.00","1,185.00","1,185.00",-16.25,-1.35,0,8/23/2015
179,"1,201.00","1,201.00","1,201.00","1,201.00",9,0.76,0,8/20/2015
180,"1,192.00","1,192.00","1,192.00","1,192.00",31.99,2.76,0,8/19/2015
181,"1,160.00","1,160.00","1,160.00","1,160.00",2.33,0.2,0,8/18/2015
182,"1,158.00","1,158.00","1,158.00","1,158.00",45.55,4.1,0,8/17/2015
183,"1,112.00","1,112.00","1,112.00","1,112.00",23.63,2.17,0,8/16/2015
184,"1,088.00","1,088.00","1,088.00","1,088.00",11.23,1.04,0,8/13/2015
185,"1,077.00","1,077.00","1,077.00","1,077.00",-0.59,-0.05,0,8/12/2015
186,"1,078.00","1,078.00","1,078.00","1,078.00",-3.58,-0.38,0,8/11/2015
187,"1,081.00","1,081.00","1,081.00","1,081.00",17.95,1.69,0,8/10/2015
188,"1,063.00","1,063.00","1,063.00","1,063.00",23.05,2.22,0,8/9/2015
189,"1,040.00","1,040.00","1,040.00","1,040.00",6.34,0.61,0,8/6/2015
190,"1,034.00","1,034.00","1,034.00","1,034.00",4.1,0.4,0,8/5/2015
191,"1,030.00","1,030.00","1,030.00","1,030.00",-0.48,-0.05,0,8/4/2015
192,"1,030.00","1,030.00","1,030.00","1,030.00",-3.74,-0.36,0,8/3/2015
193,"1,034.00","1,034.00","1,034.00","1,034.00",6.16,0.6,0,8/2/2015
194,"1,028.00","1,028.00","1,028.00","1,028.00",6.65,0.65,0,7/30/2015
195,"1,021.00","1,021.00","1,021.00","1,021.00",-6.81,-0.66,0,7/29/2015
196,"1,028.00","1,028.00","1,028.00","1,028.00",-18.26,-1.75,0,7/28/2015
197,"1,046.00","1,046.00","1,046.00","1,046.00",-7.55,-0.72,0,7/27/2015
198,"1,054.00","1,054.00","1,054.00","1,054.00",50.57,5.04,0,7/26/2015
199,"1,003.00","1,003.00","1,003.00","1,003.00",40.11,4.16,0,7/23/2015
200,963,963,963,963,2.04,0.21,0,7/22/2015
201,961,961,961,961,10.51,1.11,0,7/16/2015
202,951,951,951,951,4.26,0.45,0,7/15/2015
203,946,946,946,946,2.46,0.26,0,7/14/2015
204,944,944,944,944,-0.96,-0.1,0,7/13/2015
205,945,945,945,945,1.53,0.16,0,7/12/2015
206,943,943,943,943,0.27,0.03,0,7/9/2015
207,943,943,943,943,1.8,0.19,0,7/8/2015
208,941,941,941,941,4.6,0.49,0,7/7/2015
209,937,937,937,937,-1.26,-0.13,0,7/6/2015
210,938,938,938,938,-0.94,-0.1,0,7/5/2015
211,939,939,939,939,-6.82,-0.72,0,7/2/2015
212,946,946,946,946,-3.35,-0.35,0,7/1/2015
213,949,949,949,949,2.8,0.3,0,6/30/2015
214,946,946,946,946,8.33,0.89,0,6/29/2015
215,938,938,938,938,7.62,0.82,0,6/28/2015
216,930,930,930,930,2.25,0.24,0,6/25/2015
217,928,928,928,928,2.04,0.22,0,6/24/2015
218,926,926,926,926,3.62,0.39,0,6/23/2015
219,922,922,922,922,4.5,0.49,0,6/22/2015
220,918,918,918,918,-6.63,-0.72,0,6/21/2015
221,925,925,925,925,-3.25,-0.35,0,6/18/2015
222,928,928,928,928,-2.85,-0.31,0,6/17/2015
223,931,931,931,931,-3.03,-0.32,0,6/16/2015
224,934,934,934,934,5.38,0.58,0,6/15/2015
225,928,928,928,928,-9.61,-1.02,0,6/14/2015
226,938,938,938,938,-17.7,-1.85,0,6/11/2015
227,956,956,956,956,-10.93,-1.13,0,6/10/2015
228,967,967,967,967,21.1,2.23,0,6/9/2015
229,945,945,945,945,14.32,1.54,0,6/8/2015
230,931,931,931,931,4.33,0.47,0,6/7/2015
231,927,927,927,927,1.35,0.15,0,6/4/2015
232,925,925,925,925,23.51,2.61,0,6/3/2015
233,902,902,902,902,11.55,1.3,0,6/2/2015
234,890,890,890,890,18.49,2.12,0,6/1/2015
235,872,872,872,872,29.98,3.56,0,5/31/2015
236,842,842,842,842,4.13,0.49,0,5/28/2015
237,838,838,838,838,-22.14,-2.57,0,5/27/2015
238,860,860,860,860,-20.56,-2.33,0,5/26/2015
239,881,881,881,881,-29.29,-3.22,0,5/25/2015
240,910,910,910,910,-28.37,-3.02,0,5/24/2015
241,938,938,938,938,-3.83,-0.41,0,4/23/2015
242,942,942,942,942,-3.1,-0.33,0,4/22/2015
243,945,945,945,945,0.14,0.01,0,4/21/2015
244,945,945,945,945,-0.72,-0.08,0,4/20/2015
245,946,946,946,946,-4.22,-0.44,0,4/19/2015
246,950,950,950,950,5.79,0.61,0,4/16/2015
247,944,944,944,944,-4.23,-0.45,0,4/15/2015
248,948,948,948,948,-3.67,-0.39,0,4/13/2015
249,952,952,952,952,5.14,0.54,0,4/12/2015
250,947,947,947,947,4.74,0.5,0,4/9/2015
251,942,942,942,942,6.62,0.71,0,4/8/2015
252,936,936,936,936,-2.59,-0.28,0,4/7/2015
253,938,938,938,938,3.87,0.41,0,4/6/2015
254,934,934,934,934,-5.84,-0.62,0,4/5/2015
255,940,940,940,940,0.55,0.06,0,4/2/2015
256,940,940,940,940,-6.2,-0.66,0,4/1/2015
257,946,946,946,946,6.64,0.71,0,3/31/2015
258,939,939,939,939,-3.2,-0.34,0,3/30/2015
259,942,942,942,942,-0.1,-0.01,0,3/29/2015
260,942,942,942,942,-8.89,-0.93,0,3/26/2015
261,951,951,951,951,-2.55,-0.27,0,3/25/2015
262,954,954,954,954,-2.75,-0.29,0,3/24/2015
263,957,957,957,957,-7.53,-0.78,0,3/23/2015
264,964,964,964,964,-3.5,-0.36,0,3/22/2015
265,968,968,968,968,3.38,0.35,0,3/19/2015
266,964,964,964,964,0.78,0.08,0,3/18/2015
267,963,963,963,963,4.32,0.45,0,3/17/2015
268,959,959,959,959,-11.54,-1.19,0,3/16/2015
269,971,971,971,971,-7.76,-0.79,0,3/15/2015
270,978,978,978,978,-5.62,-0.57,0,3/12/2015
271,984,984,984,984,-0.37,-0.04,0,3/11/2015
272,984,984,984,984,-4.34,-0.44,0,3/10/2015
273,989,989,989,989,5.28,0.54,0,3/9/2015
274,983,983,983,983,2.07,0.21,0,3/4/2015
275,981,981,981,981,-3.43,-0.35,0,3/3/2015
276,985,985,985,985,9.18,0.94,0,3/2/2015
277,976,976,976,976,-3.6,-0.37,0,3/1/2015
278,979,979,979,979,8.65,0.89,0,2/26/2015
279,971,971,971,971,-0.15,-0.02,0,2/25/2015
280,971,971,971,971,-3.18,-0.33,0,2/24/2015
281,974,974,974,974,2.48,0.26,0,2/23/2015
282,971,971,971,971,-11.18,-1.14,0,2/22/2015
283,983,983,983,983,-4.4,-0.45,0,2/18/2015
284,987,987,987,987,-2.82,-0.28,0,2/16/2015
285,990,990,990,990,5.36,0.54,0,2/15/2015
286,985,985,985,985,3.5,0.36,0,2/12/2015
287,981,981,981,981,0.47,0.05,0,2/11/2015
288,981,981,981,981,-0.16,-0.02,0,2/10/2015
289,981,981,981,981,-5.32,-0.54,0,2/9/2015
290,986,986,986,986,1.8,0.18,0,2/8/2015
291,984,984,984,984,-2.81,-0.28,0,2/5/2015
292,987,987,987,987,-0.52,-0.05,0,2/4/2015
293,988,988,988,988,-3.21,-0.32,0,2/3/2015
294,991,991,991,991,-0.68,-0.07,0,2/2/2015
295,991,991,991,991,4.78,0.48,0,2/1/2015
296,987,987,987,987,-1.41,-0.14,0,1/29/2015
297,988,988,988,988,12.93,1.33,0,1/28/2015
298,975,975,975,975,6.51,0.67,0,1/27/2015
299,969,969,969,969,-0.42,-0.04,0,1/26/2015
300,969,969,969,969,9.81,1.02,0,1/25/2015
1,959,959,959,959,-3.56,-0.37,0,1/22/2015
302,963,963,963,963,-12.65,-1.3,0,1/20/2015
303,975,975,975,975,30.09,3.18,0,1/19/2015
304,945,945,945,945,5.83,0.62,0,1/18/2015
305,940,940,940,940,2.05,0.22,0,1/14/2015
306,937,937,937,937,9.68,1.04,0,1/13/2015
307,928,928,928,928,-0.53,-0.06,0,1/12/2015
308,928,928,928,928,-2.64,-0.28,0,1/11/2015
309,931,931,931,931,6.43,0.7,0,1/8/2015
310,925,925,925,925,7.13,0.78,0,1/7/2015
311,917,917,917,917,-2.36,-0.26,0,1/6/2015
312,920,920,920,920,2.27,0.25,0,1/5/2015
313,918,918,918,918,13.82,1.53,0,1/4/2015
314,904,904,904,904,1.35,0.15,0,1/1/2015
